1   674U 63039A   25161.65529866  .00000269  00000-0  00000+0 0  9996
2   674  46.7676 109.3225 4756192  83.3965   0.1513  0.22203048 50012

1 00692U 63039C   25158.90910670 -.00001591  00000-0  00000-0 0  9998
2 00692  26.3234  44.9052 5625148 213.9674 359.3292  0.22037017 12341

1 00836U 64040A   25164.93524764  .00000669  00000-0  00000-0 0  9990
2 00836  51.1352 126.2857 4636242 290.6735   0.6045  0.23917956 10127

1 00837U 64040B   25146.29620780  .00000551  00000-0  00000-0 0  9995
2 00837  48.7681 131.0869 4559902 259.4997   0.5164  0.23988113 53808

1 01458U 65058A   25165.12841732 -.00000924  00000-0  00000-0 0  9995
2 01458  25.3442  20.3461 4934823 303.4912 358.6179  0.21331816 11265

1 01459U 65058B   25156.91106827 -.00001638  00000-0  00000-0 0  9995
2 01459  41.1385  10.7885 4789719  77.3100 359.1419  0.21394714  8455

1  2765U 67040A   25165.26436463 -.00001198  00000-0  00000+0 0  9999
2  2765  38.7807  16.4307 4933505 277.3829 357.7237  0.21495213 45609

1  2766U 67040B   25160.72094879 -.00001303  00000-0  00000+0 0  9995
2  2766  34.2764  12.9498 4662048 105.4248 358.3681  0.21265920 45433

1 02770U 67040F   25163.22484635 -.00000077  00000-0  00000-0 0  9999
2 02770  17.9820 217.8865 7816166 335.0899   1.1472  0.50947178 21429

1 03623U 68116A   25161.52990527 -.00000077  00000-0  00000-0 0  9995
2 03623   4.9678 296.9053 0091182  83.6721 182.7531  0.90194348 79429

1 03674U 69011A   25161.41622831 -.00000145  00000-0  00000-0 0  9990
2 03674  10.4523 305.0225 0179487 355.2630  44.4172  0.84931779 63542

1 03692U 69013B   25161.55135729 -.00000044  00000-0  00000-0 0  9990
2 03692   0.3474  64.4878 0169460  44.9159 207.2770  0.97535396 38693

1 03947U 69045A   25161.53974771 -.00000092  00000-0  00000-0 0  9997
2 03947   4.7562 289.3325 0023391  74.6995 249.2719  0.90045043 62613

1 03954U 69046D   25159.99593119  .00000291  00000-0  00000-0 0  9996
2 03954  88.3647  37.2136 6612821  99.5489   0.6812  0.21511841 12217

1 03955U 69046E   25159.95771459  .00000596  00000-0  00000-0 0  9996
2 03955  59.1313  67.5106 8310031 137.7510   1.0869  0.21404549  6213

1 03956U 69046F   25162.15828836 -.00000912  00000-0  00000-0 0  9998
2 03956  16.3874  31.6721 8082995 266.2131 358.8503  0.46196152 19428

1 04297U 70003A   25161.46675420  .00000092  00000-0  00000-0 0  9992
2 04297   0.1474 132.8779 0010211 220.1277 317.2222  0.99155093173172

1 04366U 70027A   25162.89116127 -.00000305  00000-0  00000-0 0  9995
2 04366  87.5969   0.9935 7753526  72.3352   1.1488  0.21456810 40573

1 04881U 71006A   25161.54501503 -.00000115  00000-0  00000-0 0  9991
2 04881   5.3080 280.9215 0012486  93.2809 267.2963  0.98839702117828

1 05204U 71039A   25161.26364133 -.00000150  00000-0  00000-0 0  9991
2 05204   0.7360 288.9801 0020136 357.9520  64.5668  0.98162947202586

1 05589U 71095C   25161.39788748 -.00000047  00000-0  00000-0 0  9990
2 05589   4.2666 277.9051 0167928 177.3084 223.7400  0.97187637115819

1 06197U 72073A   25156.32617240 -.00001899  00000-0  00000-0 0  9994
2 06197  47.9187  59.7129 2309737 165.6403   2.2523  0.08265859  3628

1  6278U 72090A   25161.54906846 -.00000233  00000-0  00000+0 0  9996
2  6278   7.0932 295.8152 0016078 185.1835 115.6165  0.98829679115359

1 06796U 73058A   25161.23516861 -.00000227  00000-0  00000-0 0  9990
2 06796   8.0971 299.8838 0005560 195.4262 180.4461  0.99148194131966

1 06893U 73078A   25160.92453059 -.00001186  00000-0  00000-0 0  9999
2 06893   8.6295 123.4712 2269350 112.3198   1.7160  0.08381795 11592

1 06973U 73100A   25160.51638074 -.00000042  00000-0  00000-0 0  9991
2 06973   6.0659 280.5921 0031747 223.6179 338.6491  0.97655464116190

1 06974U 73100B   25161.55109667 -.00000047  00000-0  00000-0 0  9993
2 06974   5.6381 285.3780 0065663  74.8014 314.6441  0.97518576844001

1 06976U 73100D   25161.53462171 -.00000124  00000-0  00000-0 0  9991
2 06976   7.4717 287.7755 0263029 124.8541 157.6632  0.94996546108207

1 07298U 74033A   25161.45895703  .00000065  00000-0  00000-0 0  9990
2 07298   5.0737 257.2013 0015081  65.9465 338.2321  0.98611489116220

1  8748U 76023C   25163.43334175 -.00000540  00000-0  00000+0 0  9991
2  8748  15.3882 345.5643 0088978 186.5200  12.4923  0.19678649  4722

1 08751U 76023F   25161.31080877 -.00000010  00000-0  00000-0 0  9990
2 08751  21.0968  47.4107 0122306  95.4738 100.4071  0.98324916179554

1 08752U 76023G   25162.66240353 -.00000506  00000-0  00000-0 0  9997
2 08752  21.4245 354.9350 4372498  52.8612   0.5780  0.41540874 79999

1 08753U 76023H   25165.83088770 -.00000747  00000-0  00000-0 0  9990
2 08753  13.0730 337.3640 0317606 101.9483 359.0469  0.18714734  4728

1 08774U 76029A   25161.44044276  .00000039  00000-0  00000-0 0  9998
2 08774   9.6740 311.5034 0056466 227.2375 132.3182  0.98622182115865

1  8832U 76023J   25160.08389259 -.00000287  00000-0  00000+0 0  9994
2  8832  21.0874  47.4281 0139096  87.4576 134.8822  0.98261503113924

1 08882U 76053A   25161.15262087 -.00000162  00000-0  00000-0 0  9993
2 08882   8.5861 303.4166 0129814 325.7693  50.8206  0.95900287117593

1  9478U 76101A   25161.50857397 -.00000003  00000-0  00000+0 0  9995
2  9478   6.5881 310.7531 0103854 344.8794 221.6302  0.97589889119851

1 09785U 77005A   25161.59129382 -.00000112  00000-0  00000-0 0  9997
2 09785   8.9677 312.6953 0040942  44.4556 296.9009  0.95270056113121

1 09803U 77007A   25161.53274750 -.00000080  00000-0  00000-0 0  9998
2 09803   5.6768 287.5739 0078662  30.2707 251.0936  0.97529687 21027

1 10000U 77034A   25160.15598009 -.00000119  00000-0  00000-0 0  9995
2 10000   8.9830 295.9835 0018463 355.4692   4.5666  0.96674721161937

1 10001U 77034B   25161.16780962 -.00000103  00000-0  00000-0 0  9992
2 10001   9.6399 302.5362 0035632 149.1699 193.8097  0.95427195113979

1 10002U 77034C   25161.15236023 -.00000152  00000-0  00000-0 0  9990
2 10002   9.6021 298.1109 0285689  98.4880 286.3705  0.95555475 41593

1 10516U 77118A   25161.42961462  .00000087  00000-0  00000+0 0  9990
2 10516   8.2405 300.1102 0002700 137.0009  43.1170  0.98911971132030

1 10669U 78016A   25161.08281112 -.00000074  00000-0  00000-0 0  9994
2 10669   8.0118 295.0032 0007032 240.9746 127.6914  0.99005470750968

1 10855U 78044A   25161.54822959  .00000007  00000-0  00000-0 0  9998
2 10855   8.8068 306.6241 0007318 353.1113 358.9370  0.99139739200309

1 11115U 78106A   25161.58344855 -.00000101  00000-0  00000-0 0  9991
2 11115   9.8188 317.5654 0002748 327.2966 204.0811  0.98483429651557

1 11144U 78113A   25161.52151360 -.00000069  00000-0  00000-0 0  9995
2 11144  11.4990 317.2069 0026670 192.5747   5.1899  0.94031852108059

1 11145U 78113B   25161.51635034 -.00000010  00000-0  00000-0 0  9996
2 11145   9.0651 305.8734 0006123 173.6110  60.6195  0.98439680113409

1 11147U 78113D   25161.41317193 -.00000139  00000-0  00000-0 0  9992
2 11147  11.5903 308.4477 0255063  59.4049 334.6198  0.93756003110885

1 11353U 79038A   25161.36987412  .00000045  00000-0  00000-0 0  9994
2 11353   8.5409 305.1557 0016074  80.9782 250.1167  0.98542652166713

1 11397U 79053A   25161.58605495 -.00000009  00000-0  00000-0 0  9992
2 11397   8.0820 299.8628 0008144 281.5595 281.8663  0.98747529 22310

1 11570U 77071F   25161.51786462 -.00000018  00000-0  00000-0 0  9990
2 11570   6.6103 286.6247 0010987 143.8376  64.0226  0.97736736115762

1 11621U 79098A   25161.51877839 -.00000063  00000-0  00000-0 0  9997
2 11621  10.9835 315.4240 0008709 127.7184 100.6651  0.95598373611840

1 11622U 79098B   25161.15392407 -.00000121  00000-0  00000-0 0  9996
2 11622   9.2847 308.3029 0003382 103.8253 276.0444  0.98351894108325

1 11623U 79098C   25161.54230675 -.00000159  00000-0  00000-0 0  9999
2 11623  11.0057 308.5354 0294942  67.7438 204.0288  0.95319049119041

1 11684U 79105E   25161.44975226  .00000043  00000-0  00000-0 0  9993
2 11684   7.7522 295.4626 0016593 296.8634  54.9328  0.98684611117352

1 11728U 80016D   25161.42262675 -.00000079  00000-0  00000-0 0  9990
2 11728   8.1993 297.0900 0014852 291.1633 126.9628  0.97624559115944

1 11841U 80049A   25161.58110278 -.00000133  00000-0  00000-0 0  9991
2 11841   8.0627 298.4195 0001993 356.5074 181.2337  0.98631346229851

1 11862U 80049F   25161.47002010  .00000001  00000-0  00000-0 0  9999
2 11862   8.5295 299.2589 0029668 205.7846 169.6185  0.97938415116578

1 11941U 78073F   25161.60217351 -.00000012  00000-0  00000-0 0  9995
2 11941   7.3739 290.9648 0015605 167.9218 104.7719  0.97569398159679

1 11970U 80074C   25159.79790308 -.00000196  00000-0  00000-0 0  9999
2 11970  17.2260 316.8823 1633788 257.0280  34.8749  0.81535413 35473

1 12046U 80087A   25160.56311458 -.00000003  00000-0  00000-0 0  9997
2 12046   8.7875 307.0748 0004020 134.0335 226.0319  0.98952088126487

1 12089U 80098A   25161.11799103 -.00000099  00000-0  00000-0 0  9990
2 12089  11.8106 329.3395 0008489 298.9140 226.3369  0.98892458130047

1 12339U 81025A   25161.14931941 -.00000193  00000-0  00000-0 0  9995
2 12339   8.8910 307.5836 0017468 277.5997  77.6093  0.98830718 22156

1 12474U 81050A   25160.73586644 -.00000235  00000-0  00000-0 0  9990
2 12474  11.5264 327.0323 0002317 237.6130 125.1963  0.98854470133991

1 12544U 81057A   25161.70896611 -.00000246  00000-0  00000+0 0  9992
2 12544  10.8994 321.7311 0027853  10.3923 336.2196  0.98727131120214

1 12635U 81073A   25161.22961625 -.00000210  00000-0  00000-0 0  9998
2 12635  14.6478 311.6651 0010571 165.7632 199.7010  0.98607186129404

1 12850U 81069F   25161.58327479 -.00000099  00000-0  00000-0 0  9999
2 12850   8.9936 302.7033 0022206 179.9084   5.7180  0.97700897112597

1 13010U 81122A   25161.33671899 -.00000166  00000-0  00000-0 0  9994
2 13010  12.1332 331.2265 0115576 256.6894 351.5138  0.95039593107823

1 13086U 82019A   25161.41634008 -.00000081  00000-0  00000+0 0  9998
2 13086  10.0462 311.8753 0002527 276.2073 118.6372  0.98189957 22002

1 13092U 82020A   25161.44918756  .00000052  00000-0  00000+0 0  9992
2 13092   9.1778 304.1237 0033106 245.6638 296.2075  0.98530322117918

1 13595U 82097A   25161.59074650  .00000007  00000-0  00000+0 0  9996
2 13595  12.5913 333.7390 0016957  47.7451 147.0422  0.98404368124436

1 13636U 82106A   25161.28586399 -.00000116  00000-0  00000-0 0  9990
2 13636  12.6490 329.1798 0003253 207.9180 139.7599  0.95090459100580

1 13637U 82106B   25161.53432981 -.00000108  00000-0  00000-0 0  9997
2 13637  12.8245 336.1581 0019334 186.7499  45.0190  0.97827572 61671

1 13669U 82113A   25161.52055792 -.00000013  00000-0  00000-0 0  9995
2 13669   9.9397 313.7210 0040721 284.0964 272.0363  0.97707828117907

1 13878U 83016A   25161.14862436 -.00000116  00000-0  00000-0 0  9993
2 13878  11.1767 313.0052 0030885  19.2554 327.1817  0.95031264115631

1 13899U 82020F   25161.24072628 -.00000151  00000-0  00000-0 0  9996
2 13899   9.1477 303.1006 0027522 196.5714 157.0344  0.98636875117302

1 13901U 83020A   25165.34245813 -.00000757  00000-0  00000-0 0  9996
2 13901  79.1018  62.0202 5628425  42.2091 359.0892  0.24283828 10255

1 13907U 77108D   25161.08333241 -.00000093  00000-0  00000-0 0  9995
2 13907   7.2696 285.4510 0092198 144.5440 237.6506  0.97800562109004

1 13954U 82113F   25161.55378994 -.00000040  00000-0  00000-0 0  9997
2 13954  10.0016 313.2232 0022703 279.0216  96.3161  0.97570435116261

1 13969U 83026B   25161.58796633  .00000020  00000-0  00000-0 0  9991
2 13969   9.2879 322.0020 0019246 252.8278 299.0161  0.98742652126695

1 14005U 79062D   25161.55231299 -.00000039  00000-0  00000-0 0  9998
2 14005   8.1643 296.1804 0004055 255.6314 129.0824  0.97670848118166

1 14069U 83041C   25161.15244711 -.00000202  00000-0  00000-0 0  9991
2 14069  16.4707 323.4068 1668401 111.6165 264.5201  0.84337208 36688

1 14077U 83047A   25161.41847729 -.00000184  00000-0  00000+0 0  9991
2 14077  12.8682 336.1392 0036847 346.8958  24.8285  0.99160460120395

1 14128U 83058A   25161.03455274  .00000058  00000-0  00000-0 0  9998
2 14128  12.3118 332.1810 0012155 157.5371 202.4932  0.98867995 43038

1 14133U 83059B   25160.67522072 -.00000047  00000-0  00000-0 0  9994
2 14133  13.2744 338.7946 0038261 113.7079 246.6701  0.99124565 42455

1 14160U 83066A   25161.92135483  .00000027  00000-0  00000-0 0  9994
2 14160  10.0476 314.9364 0011930 337.0912   1.4461  0.98346604151093

1 14194U 81027F   25161.39647264 -.00000028  00000-0  00000-0 0  9994
2 14194   8.9173 300.1878 0017651 206.8167 169.1266  0.97663104116483

1 14248U 83081A   25161.55570132  .00000047  00000-0  00000-0 0  9993
2 14248  11.6474 326.8841 0003200  79.0817 293.0907  0.98810682120019

1 14307U 83088A   25161.81642358  .00000015  00000-0  00000-0 0  9990
2 14307  10.2444 315.1201 0016425  62.3052 240.7398  0.98172738115297

1 14333U 83088F   25161.56774409 -.00000030  00000-0  00000-0 0  9992
2 14333  10.5411 315.8990 0015827 139.4617 249.6134  0.97614425112705

1 14532U 83118A   25161.58388295 -.00000100  00000-0  00000-0 0  9991
2 14532  10.2846 316.9720 0027631 175.7327 358.5953  0.98270820116852

1 14659U 84005A   25161.91949213  .00000078  00000-0  00000-0 0  9990
2 14659  11.6075 327.0616 0016421 210.0724 111.1898  0.99048459114634

1 14786U 84023A   25161.33974304 -.00000110  00000-0  00000-0 0  9994
2 14786  13.9764 340.2858 0016620 246.8466 357.7477  0.97292449 42348

1 14821U 84028A   25161.15279463 -.00000114  00000-0  00000-0 0  9997
2 14821  11.0347 315.1997 0007838 152.4582 214.5830  0.96063180130451

1 14930U 84037A   25161.71711278 -.00000196  00000-0  00000+0 0  9994
2 14930  10.8689 318.4627 0007807 261.5933 288.5205  0.98683663 21308

1 14943U 84041D   25161.58162406 -.00000135  00000-0  00000-0 0  9995
2 14943  10.2769 317.4193 0015460 210.7486 310.6081  0.98628933117613

1 15141U 83066F   25161.54814272 -.00000098  00000-0  00000-0 0  9991
2 15141  10.4488 315.7309 0010624 181.3012 160.9164  0.97618573114296

1 15158U 84081A   25161.49046115 -.00000028  00000-0  00000+0 0  9996
2 15158  12.9183 335.4270 0010451 206.9987 164.4772  0.98795388113634

1 15159U 84081B   25161.67040362 -.00000103  00000-0  00000-0 0  9990
2 15159  13.1674 336.4445 0034627  48.1999 140.1301  0.98396290114952

1 15219U 84090A   25161.55196545 -.00000078  00000-0  00000-0 0  9990
2 15219  11.5400 319.2337 0017418 189.6581 169.9852  0.96024640113486

1 15235U 84093B   25160.72478914 -.00000151  00000-0  00000-0 0  9994
2 15235  13.8321 344.3572 0009647 112.3435  72.2811  0.98764564 42308

1 15236U 84093C   25161.84489034 -.00000113  00000-0  00000-0 0  9992
2 15236  11.5221 315.0044 0029572 270.9782  99.7908  0.97455976124447

1 15383U 84113B   25161.38933510 -.00000219  00000-0  00000+0 0  9996
2 15383  13.8598 344.2500 0024559  22.5897 348.0231  0.98908069111151

1 15384U 84113C   25161.73308674 -.00000186  00000-0  00000-0 0  9997
2 15384  11.7408 339.9906 0029571 288.6772  74.5121  0.98546371120261

1 15386U 84114B   25161.22405836 -.00000210  00000-0  00000-0 0  9990
2 15386  13.9277 335.3511 0111898  46.9883 308.6774  0.95929992109101

1 15391U 84115A   25161.15757306 -.00000158  00000-0  00000-0 0  9992
2 15391  14.3046 357.4442 0101988 122.4448 228.8009  0.94954930144348

1 15453U 84129A   25161.88890656 -.00000043  00000-0  00000-0 0  9995
2 15453  12.0981 323.6527 0001905 221.6494 130.3403  0.98855143 22373

1 15626U 85024A   25161.87974488 -.00000071  00000-0  00000-0 0  9998
2 15626  12.5775 323.5321 0017981 353.8473 341.2746  0.94797257118756

1 15629U 85025A   25161.58970394 -.00000021  00000-0  00000-0 0  9997
2 15629  14.0484 343.0380 0030146  14.4889 165.3433  0.98280365111521

1 15643U 85028C   25161.42444638 -.00000102  00000-0  00000-0 0  9996
2 15643  12.0336 310.2164 0076279 296.2844 110.1150  0.96962627133013

1 15963U 85070F   25161.76802887 -.00000015  00000-0  00000-0 0  9992
2 15963  11.4009 323.4747 0011699 174.0629 102.5924  0.97802832115948

1 15995U 85076D   25160.78557774 -.00000126  00000-0  00000-0 0  9999
2 15995  10.5390 332.1927 0005333 331.4614 193.5284  0.97799992114494

1 16101U 85087A   25161.41836549 -.00000185  00000-0  00000+0 0  9996
2 16101  14.3313 346.4515 0008531 315.5901  46.3225  0.99114817126635

1 16117U 85092C   25161.58419485  .00000060  00000-0  00000-0 0  9995
2 16117  14.4792 348.9956 0006772 119.2450  61.6490  0.98987937 22047

1 16339U 85107F   25161.22405836 -.00000150  00000-0  00000-0 0  9995
2 16339  11.6650 325.2145 0018899 119.6339 235.7132  0.97496039123749

1 16497U 86007A   25161.48828913  .00000020  00000-0  00000-0 0  9998
2 16497  11.1206 323.5723 0072433 191.7372 180.3035  0.98811181142198

1 16676U 86027F   25161.54571015 -.00000053  00000-0  00000-0 0  9991
2 16676  12.3167 325.2042 0036614 139.3644 220.2250  0.97689707116381

1 16729U 86038A   25161.84509041 -.00000115  00000-0  00000-0 0  9994
2 16729  12.0536 324.6733 0008906   4.4523 356.6876  0.96546711114773

1 16797U 86044F   25160.61999385 -.00000112  00000-0  00000-0 0  9991
2 16797  11.9384 327.5295 0010317 195.7803 159.4116  0.97670439139203

1 16870U 86007F   25161.85170253 -.00000167  00000-0  00000-0 0  9994
2 16870  11.6486 324.9466 0032844 167.2920 216.4294  0.97800985139010

1 17046U 86082A   25161.15218647 -.00000167  00000-0  00000-0 0  9996
2 17046  11.7032 327.7247 0012045 180.6392 169.9189  0.98462049139241

1 17065U 86082F   25161.58544679 -.00000095  00000-0  00000-0 0  9991
2 17065  12.1463 328.6309 0028211 161.9961   9.0109  0.97598590112056

1 17083U 86090A   25161.39927749 -.00000073  00000-0  00000+0 0  9997
2 17083  12.7538 331.1290 0014331 355.9632 351.7877  0.96725987115076

1 17181U 86096A   25161.49011362 -.00000026  00000-0  00000+0 0  9996
2 17181  13.0031 342.4357 0039376 321.8750  39.9177  0.98926524148240

1 17611U 87028A   25161.63933806 -.00000113  00000-0  00000-0 0  9990
2 17611  13.8139 330.9258 0028614 164.0399 195.2686  0.95961470134743

1 17969U 87040A   25161.61240378 -.00000147  00000-0  00000-0 0  9990
2 17969  11.3591 322.0995 0029586 202.5827 136.0015  0.97660404116224

1 18328U 87073A   25161.47717043 -.00000086  00000-0  00000-0 0  9990
2 18328  12.7715 330.2154 0003734 254.5716  62.0900  0.96484547133429

1 18350U 87078A   25161.89566990 -.00000129  00000-0  00000-0 0  9997
2 18350  14.4843 353.8836 0004476  22.9811 312.8985  0.98905423 42364

1 18351U 87078B   25161.49037426 -.00000027  00000-0  00000-0 0  9998
2 18351  14.0936 344.7329 0010013  43.7629 317.4886  0.98687456123096

1 18570U 87095A   25161.88712325 -.00000033  00000-0  00000-0 0  9998
2 18570  11.7531 330.2932 0064426 126.1601 215.7117  0.98918005125161

1 18583U 87097A   25161.80639109 -.00000227  00000-0  00000-0 0  9999
2 18583  12.3909 340.4561 0024729 267.5597  98.9759  0.98390191 21076

1 18715U 87109A   25161.20526205 -.00000085  00000-0  00000-0 0  9998
2 18715  13.8835 337.3102 0043159 229.9815 351.8096  0.95882381117240

1 18877U 88012A   25161.49080867 -.00000043  00000-0  00000-0 0  9995
2 18877  15.3127 354.4628 0006699 322.7834  30.9088  0.98134954124012

1 18952U 88018B   25161.55726516 -.00000037  00000-0  00000-0 0  9993
2 18952  15.2180 352.0327 0101014 145.2929 210.4861  0.97956948111805

1 19017U 88028A   25161.47731509 -.00000081  00000-0  00000-0 0  9995
2 19017  13.1721 333.5707 0035396 184.2137 128.2504  0.97828634115865

1 19020U 88028D   25161.50677547 -.00000027  00000-0  00000-0 0  9994
2 19020  13.1808 333.3010 0020969 124.8096  47.9371  0.97782527132839

1 19090U 88036A   25161.73864443 -.00000137  00000-0  00000-0 0  9990
2 19090  13.8284 334.9348 0011049  91.8328 272.9671  0.95180708113486

1 19121U 88040A   25161.45986786  .00000010  00000-0  00000-0 0  9993
2 19121  14.8159 351.5192 0014452 107.2323 202.4101  0.98571796110873

1 19215U 88051A   25160.79035615 -.00000152  00000-0  00000-0 0  9999
2 19215  14.6260 344.4799 0001100 347.1419 191.5502  0.96948544119788

1 19331U 88063B   25161.76762998 -.00000008  00000-0  00000-0 0  9990
2 19331  14.7487 348.6267 0012442 150.4283 105.6327  0.98163649110699

1 19347U 88066D   25161.58553368 -.00000061  00000-0  00000-0 0  9998
2 19347  12.6264 334.2930 0033877 136.1285  29.0711  0.98658288132296

1 19621U 88098A   25160.72772109 -.00000034  00000-0  00000-0 0  9999
2 19621  14.8354 353.1264 0008835 239.4482 312.3901  0.99194829130156

1 19683U 88108A   25161.15357655 -.00000128  00000-0  00000-0 0  9996
2 19683  13.9506 338.9725 0027153 202.9767 143.7182  0.96652656129970

1 19688U 88109B   25160.79755128 -.00000138  00000-0  00000-0 0  9999
2 19688  14.6067   8.6951 0017350 114.4237  79.4222  0.98340029112426

1 19765U 89004A   25161.68119728  .00000059  00000-0  00000-0 0  9990
2 19765  12.6816 335.7695 0021218 161.1517  55.5658  0.99064843131897

1 19772U 89006A   25161.71642109 -.00000025  00000-0  00000-0 0  9992
2 19772  14.9414 356.9749 0023340 112.2642 251.1579  0.99103754120948

1 19776U 89004F   25161.53655925 -.00000025  00000-0  00000-0 0  9994
2 19776  13.2080 337.0414 0023492 124.1627 249.3434  0.97992711114753

1 19777U 88095F   25161.15348968 -.00000147  00000-0  00000-0 0  9993
2 19777  13.1359 336.1752 0014910 251.5346  97.6284  0.97939175118649

1 19876U 89020B   25161.59048586 -.00000062  00000-0  00000-0 0  9999
2 19876  15.0760 348.9509 0021843 196.0050 341.9654  0.97108751109324

1 19883U 89021B   25161.85911028 -.00000238  00000-0  00000-0 0  9992
2 19883  12.8423 357.1032 0014845 307.5050  59.5192  0.98484610304394

1 19919U 89027A   25161.49324132 -.00000131  00000-0  00000-0 0  9994
2 19919  14.9609 355.1434 0006312 153.6288 212.9965  0.99171938113523

1 19931U 89030D   25161.58787944 -.00000063  00000-0  00000-0 0  9990
2 19931  13.3180 337.8712 0018110 195.0319 340.0510  0.97923180116416

1 20066U 89046A   25161.73864443 -.00000210  00000-0  00000-0 0  9999
2 20066  13.1816 344.0029 0001884 186.9971 168.4463  0.98822786 22152

1 20083U 89048A   25161.87699455  .00000010  00000-0  00000-0 0  9991
2 20083  13.1114 337.6920 0020026 144.0266 177.1113  0.98706859127608

1 20086U 89048D   25160.75699014 -.00000182  00000-0  00000-0 0  9992
2 20086  13.4998 338.5435 0022206 138.9405 226.1657  0.97891951128576

1 20193U 89067A   25159.32962367 -.00000195  00000-0  00000-0 0  9991
2 20193  14.7541   3.1520 0006083  55.3002 131.5660  0.99189534 43111

1 20202U 89069A   25161.49046115 -.00000024  00000-0  00000-0 0  9990
2 20202  13.2711 338.9923 0016828 257.6388 109.7702  0.98610005 22148

1 20203U 89069B   25161.87677927 -.00000026  00000-0  00000-0 0  9996
2 20203  14.5748   6.8214 0010493  22.3455 274.1834  0.99117083 21300

1 20217U 89070A   25161.21294769 -.00000136  00000-0  00000-0 0  9992
2 20217  14.9768 349.4562 0047102 137.6538 221.9009  0.97412442128916

1 20315U 89087A   25160.92266918 -.00000200  00000-0  00000-0 0  9993
2 20315  14.1135  10.2178 0005331 196.6808  19.8766  0.99009344127631

1 20317U 89070C   25161.85536052 -.00000347  00000-0  00000-0 0  9991
2 20317  12.9460 339.5648 0240192  54.7693 323.3774  0.98765391 42998

1 20370U 89098D   25161.41847756 -.00000103  00000-0  00000+0 0  9997
2 20370  13.9840 339.9420 0019198 182.5051 187.0426  0.97854038114276

1 20394U 89101D   25161.88723054 -.00000043  00000-0  00000-0 0  9997
2 20394  13.5923 339.9833 0010924 220.2117 114.9479  0.98246745115526

1 20401U 90001A   25161.41825250 -.00000171  00000-0  00000+0 0  9998
2 20401  12.6310 351.7371 0012156 304.5951  52.3719  0.98998287125196

1 20402U 90001B   25161.79628329 -.00000167  00000-0  00000-0 0  9994
2 20402  15.6829  14.1306 0057152 316.5715 223.5959  0.98539846111677

1 20413U 83020D   25165.15180635 -.00000827  00000-0  00000+0 0  9998
2 20413  78.2280  62.6584 5829687  41.5209 359.0280  0.24718317 25070

1 20667U 90056A   25161.30791568 -.00000016  00000-0  00000-0 0  9993
2 20667  14.3662  12.6696 0003959 309.1168 276.7658  0.98433185 42816

1 20705U 90063A   25160.86016913 -.00000213  00000-0  00000-0 0  9997
2 20705  15.1634   1.1609 0042618 320.6297 237.9742  0.98610341128897

1 20771U 90077A   25161.78851760 -.00000144  00000-0  00000-0 0  9997
2 20771  15.5939   0.3148 0010310 257.9586  36.9193  0.98811952131902

1 20835U 75011F   25161.72822532 -.00000185  00000-0  00000-0 0  9993
2 20835   4.7380 278.4588 0098216 133.8689  88.0545  0.98589677 42913

1 20872U 90091A   25161.43031448 -.00000043  00000-0  00000+0 0  9997
2 20872  12.0774  31.5721 0007400 121.5175 102.0125  0.98993516114551

1 20918U 90093A   25161.85619027 -.00000270  00000-0  00000-0 0  9994
2 20918  12.8544   8.6204 0007576  14.5875 325.7068  0.98879026 43840

1 20929U 90095A   25161.41362031 -.00000099  00000-0  00000+0 0  9998
2 20929  14.2351 346.6243 0005528  96.1320 258.5170  0.98397807 21809

1 20945U 90100A   25159.42996053 -.00000254  00000-0  00000-0 0  9992
2 20945  13.1068  17.9533 0014008  16.3751 337.6388  0.99186638123278

1 20946U 90100B   25160.76168167 -.00000061  00000-0  00000-0 0  9995
2 20946  14.0237  12.8134 0004841 341.8611  13.3018  0.99146715 43117

1 20963U 90097B   22058.65362887 0.00000000  00000-0  00000-0 0    00
2 20963  15.6557 347.2999 0011711 240.1320 119.7636  0.98581418    04

1 21041U 90116D   25161.88723057 -.00000050  00000-0  00000-0 0  9996
2 21041  14.2029 343.7453 0032534  92.7971 237.6321  0.97941641122784

1 21046U 90102D   25159.35932837 -.00000158  00000-0  00000-0 0  9992
2 21046  14.1694 343.4529 0019197 199.2568 167.8494  0.97867228114933

1 21047U 91001A   25161.45682230 -.00000017  00000-0  00000-0 0  9999
2 21047  13.0613 356.9083 0004355 197.1481 103.7144  0.98282831124460

1 21052U 69069C   25161.55048848 -.00000015  00000-0  00000-0 0  9994
2 21052   1.5622 273.3551 0124938 302.0222  93.9443  0.98181874 42736

1 21056U 91003B   25161.88294201 -.00000050  00000-0  00000-0 0  9992
2 21056  14.7952   4.3750 0004799 150.3021 156.8610  0.98939246112544

1 21139U 91015A   25161.82552223 -.00000024  00000-0  00000-0 0  9993
2 21139  12.9062  24.8853 0011091  17.9079 246.0705  0.98508899112625

1 21140U 91015B   25161.85852656 -.00000237  00000-0  00000-0 0  9997
2 21140  14.7755 352.6647 0009123 249.5773 122.8982  0.98453603126553

1 21149U 91018A   25161.89513189 -.00000109  00000-0  00000-0 0  9996
2 21149  12.5646  11.4259 0001048 278.6430  39.8831  0.98723045 39785

1 21222U 91026A   25160.73058814  .00000031  00000-0  00000-0 0  9991
2 21222  13.7812  15.0897 0005710  52.4373 132.5540  0.99127961113379

1 21392U 91037A   25161.59222346  .00000060  00000-0  00000-0 0  9991
2 21392  14.5341   8.0116 0003607 247.1704 281.7871  0.99014807123057

1 21533U 91046A   25161.69624469 -.00000135  00000-0  00000-0 0  9995
2 21533  14.0147 344.1137 0005796 318.5756 218.4889  0.98910863 43010

1 21648U 89101G   25161.44109022 -.00000078  00000-0  00000-0 0  9993
2 21648  13.7565 340.3846 0024134 315.7830 339.1894  0.97850294112127

1 21668U 91060A   25161.29854447  .00000003  00000-0  00000-0 0  9990
2 21668  13.3877 359.3477 0005771 148.7968  77.9704  0.98792221125636

1 21726U 91067A   25161.49463141 -.00000160  00000-0  00000-0 0  9996
2 21726  13.8202  15.2841 0010143 317.6789  35.8680  0.99174185113602

1 21759U 91074A   25161.73308674 -.00000170  00000-0  00000-0 0  9997
2 21759  14.2614 346.1337 0020847 254.5700 108.0052  0.98445393121303

1 21792U 91079D   25161.59507693  .00000002  00000-0  00000-0 0  9998
2 21792  14.2801 345.5640 0006936 127.4501 260.1126  0.98615875120774

1 21805U 91080B   25161.90683650 -.00000070  00000-0  00000-0 0  9994
2 21805  14.2048 348.1577 0005771 102.4956 153.4645  0.99188877 22020

1 21813U 91084A   25161.81706916  .00000020  00000-0  00000-0 0  9992
2 21813  14.4198   9.1813 0001886 173.9449  90.6398  0.98948339120412

1 21814U 91084B   25161.49532645 -.00000103  00000-0  00000-0 0  9996
2 21814  13.8135  15.7761 0015623  75.5487 281.7589  0.96061700119593

1 21824U 91087D   25161.41849831 -.00000096  00000-0  00000-0 0  9991
2 21824  14.5963 346.8629 0015016  76.4692 282.0876  0.98019255119825

1 21873U 92006A   25161.47232135  .00000029  00000-0  00000-0 0  9991
2 21873  14.7074   5.4577 0003867 335.9118 338.3792  0.99038393 21505

1 21893U 92010A   25161.82295517 -.00000064  00000-0  00000-0 0  9990
2 21893  14.3878   9.0430 0014716 119.5496 162.1930  0.99053823120639

1 21894U 92010B   25161.71086297 -.00000031  00000-0  00000-0 0  9996
2 21894  14.0719  14.3480 0026093 268.2642  86.8582  0.98683942120579

1 21940U 92021B   25158.86351580 -.00000178  00000-0  00000+0 0  9993
2 21940  11.8100  17.6733 0007428 149.6419  23.3490  0.97944844120239

1 21989U 92032A   25161.85964836 -.00000163  00000-0  00000-0 0  9990
2 21989  14.6732  15.0433 0078476 354.8848 342.4302  0.97182670128876

1 22009U 92037A   25161.83954200 -.00000133  00000-0  00000-0 0  9998
2 22009  13.9751  12.3100 0007488  39.6587 260.2015  0.98811928 21479

1 22028U 92041B   25160.56001031  .00000004  00000-0  00000-0 0  9994
2 22028  14.5700   8.2024 0006109 248.9508 100.9674  0.99075718 43056

1 22044U 92043D   25161.26364133 -.00000169  00000-0  00000-0 0  9990
2 22044  14.8104 349.1895 0025214 186.0605 177.8061  0.97832160115925

1 22049U 92044A   25163.22308959 -.00001728  00000-0  00000+0 0  9999
2 22049  45.6887   5.3692 5823522 258.5772 358.7806  0.19243160 15048

1 22096U 92057A   25161.49836727 -.00000217  00000-0  00000+0 0  9993
2 22096  13.3907  18.8829 0002129 338.0903  32.5164  0.99019140121244

1 22117U 92060B   25160.79581368 -.00000135  00000-0  00000-0 0  9991
2 22117  13.5455  22.6596 0023995  16.2360 153.5233  0.97012409118154

1 22248U 92082D   25161.57837541 -.00000078  00000-0  00000-0 0  9990
2 22248  14.8634 349.8251 0009373 105.8703  49.3969  0.98022816116480

1 22253U 92084A   25160.79563992 -.00000138  00000-0  00000-0 0  9994
2 22253  12.1188  24.9507 0013540 161.4397   5.0953  0.99121313118122

1 22624U 93013D   25161.73308674 -.00000173  00000-0  00000-0 0  9997
2 22624  15.0022 351.0219 0016268 122.3776 232.4613  0.98015568115268

1 22653U 93031A   25160.80033146 -.00000037  00000-0  00000-0 0  9994
2 22653  12.3387  28.2728 0004756  53.4845 135.4363  0.98841165 47417

1 22719U 93046A   25160.79746441 -.00000095  00000-0  00000-0 0  9994
2 22719  13.5819  16.8486 0002877  82.9253 102.0244  0.99052583 21508

1 22912U 93073B   25161.31187334 -.00000114  00000-0  00000-0 0  9990
2 22912  14.3919   3.9613 0007154 213.8677 343.9348  0.98985812113333

1 22915U 93074A   25161.76856701  .00000023  00000-0  00000-0 0  9992
2 22915  13.4435  18.0589 0006321  25.6662 203.4147  0.98532901 21248

1 22921U 93076A   25161.80183799 -.00000205  00000-0  00000-0 0  9999
2 22921  12.8640   3.2442 0002580  90.8614  85.9022  0.98520394114953

1 22930U 93078A   25160.80050522 -.00000011  00000-0  00000-0 0  9992
2 22930  11.4828  36.7821 0007341 171.4734   9.9521  0.98985449122334

1 22931U 93078B   25160.73276015  .00000082  00000-0  00000-0 0  9999
2 22931  11.2722  37.6614 0004062 184.0185 350.0142  0.99180823 42472

1 22984U 94008D   25161.79847671 -.00000151  00000-0  00000-0 0  9998
2 22984  15.2039 353.9144 0023965  55.7796 264.7662  0.97966142111987

1 23013U 94012D   25159.35967588 -.00000178  00000-0  00000-0 0  9995
2 23013  15.1134 353.7791 0034460 115.9185 242.8331  0.98108993112068

1 23051U 94022A   25161.97660237  .00000003  00000-0  00000-0 0  9996
2 23051  14.1113  16.4568 0005652  58.0819 215.9244  0.98904647120459

1 23124U 94034A   25161.42911939 -.00000030  00000-0  00000-0 0  9999
2 23124  10.2859  47.9973 0014474  29.7895 179.0251  0.98940734127209

1 23175U 94040A   25161.41436367 -.00000115  00000-0  00000-0 0  9992
2 23175  11.5806  37.5297 0005155  47.0066 247.6128  0.99191510111955

1 23176U 94040B   25161.36711517 -.00000194  00000-0  00000-0 0  9997
2 23176  12.9548  22.6382 0004791  41.8689 321.8948  0.99155358 98625

1 23192U 94047A   25161.42621513 -.00000095  00000-0  00000+0 0  9994
2 23192  12.3846  29.1681 0008887 345.4045 237.2610  0.98635020122005

1 23200U 94049B   25161.22357981  .00000049  00000-0  00000-0 0  9998
2 23200  13.3389  19.1991 0017789 103.1803 100.9397  0.99045234111619

1 23227U 94055A   25161.56404184 -.00000064  00000-0  00000-0 0  9997
2 23227  11.7753  33.0458 0006422  25.0443 326.3908  0.98696105112242

1 23313U 94065A   25161.42599266 -.00000078  00000-0  00000-0 0  9990
2 23313  11.7499  34.0466 0003450  17.6606 198.1591  0.98866199111661

1 23331U 94070A   25158.83166972 -.00000155  00000-0  00000-0 0  9997
2 23331  11.7314  31.3899 0005594  96.9774 250.4817  0.98952885112239

1 23413U 94079A   25161.84177075 -.00000117  00000-0  00000-0 0  9996
2 23413  13.4614  19.3973 0022947  39.8223 254.9381  0.98579860110294

1 23435U 94084A   25161.49141683 -.00000072  00000-0  00000-0 0  9993
2 23435  14.5198 357.7367 0005161 275.3690  78.2924  0.99080159 29127

1 23461U 95001A   25161.87688646 -.00000005  00000-0  00000-0 0  9995
2 23461  11.2055  38.5651 0010270 145.0826 117.6154  0.99177791110799

1 23528U 95013A   25161.39207519 -.00000026  00000-0  00000-0 0  9998
2 23528  11.0324  40.7234 0020111 100.7372 169.0156  0.98971581109857

1 23553U 95019A   25159.43334888 -.00000240  00000-0  00000-0 0  9992
2 23553  12.9614  19.0460 0015328 307.1165  64.3671  0.98911535110397

1 23571U 95023A   25161.47136755 -.00000186  00000-0  00000-0 0  9996
2 23571  10.1948  48.0173 0003331 319.1475 236.3029  0.99055406109649

1 23581U 95025A   25161.23015581  .00000016  00000-0  00000-0 0  9997
2 23581  13.6301  17.2152 0005704 145.5373  75.1094  0.98798111109085

1 23589U 95027A   25161.57544612  .00000036  00000-0  00000-0 0  9998
2 23589  11.7657  12.1873 0002336  21.6763 313.1006  0.98749810109322

1 23598U 95029A   25161.46910866 -.00000246  00000-0  00000-0 0  9990
2 23598  11.3490  38.0807 0001974 345.3814 208.2136  0.99005620109083

1 23628U 95038A   25161.96412567  .00000000  00000-0  00000-0 0  9991
2 23628  13.0701  18.1897 0002488 188.8378 125.5774  0.98663407 29098

1 23636U 95040A   25161.43864443 -.00000133  00000-0  00000+0 0  9996
2 23636  11.2363  43.3603 0024788 224.7453 333.0918  0.97128332107542

1 23649U 95043A   25161.87268954  .00000043  00000-0  00000-0 0  9996
2 23649  12.5590  20.0210 0016194  68.3658 200.9895  0.99145229 65971

1 23651U 95044A   25161.56621385 -.00000157  00000-0  00000-0 0  9994
2 23651  12.7640  23.9981 0020765  10.0086   1.9559  0.99127705108239

1 23686U 95055A   25158.86655187 -.00000184  00000-0  00000-0 0  9990
2 23686  10.7997  43.4493 0008568  10.7286 152.7092  0.98794432108076

1 23696U 95057A   25159.72975806 -.00000192  00000-0  00000-0 0  9991
2 23696  11.2212  16.5862 0005510 151.0666 170.5703  0.98768196108085

1 23716U 95062B   25161.14943743 -.00000045  00000-0 -21000-2 0  9997
2 23716   2.3062  58.8156 8292427 306.4498   3.3778  0.95003262102676

1 23730U 95067A   25161.49888855 -.00000137  00000-0  00000-0 0  9994
2 23730  13.7441  18.6907 0012194 295.4904  77.9576  0.97939103106827

1 23754U 95073A   25161.50337685 -.00000238  00000-0  00000-0 0  9991
2 23754   7.7026  66.9815 0000502  36.6834 138.6871  0.98936305 48321

1 23764U 96002A   25161.43003712 -.00000016  00000-0  00000-0 0  9992
2 23764  11.0824  39.7212 0010203 277.1589 299.4685  0.99089459107104

1 23765U 96002B   25161.44122812  .00000039  00000-0  00000-0 0  9991
2 23765  11.8627  32.0442 0003262 333.5339 269.4746  0.99061965107165

1 23778U 96005D   25160.75838021 -.00000170  00000-0  00000-0 0  9994
2 23778  15.3079   0.0919 0014108 179.2002 170.8366  0.97673262104736

1 23816U 96015A   25161.59994742  .00000028  00000-0  00000-0 0  9995
2 23816   9.7585  53.6632 0071987 352.0998 312.4352  0.98479240106289

1 23842U 96021A   25161.54788208 -.00000003  00000-0  00000-0 0  9998
2 23842   4.4645  78.3536 0002245  48.6526 169.7709  0.99120727 48413

1 23846U 96022A   25161.42599293 -.00000105  00000-0  00000+0 0  9996
2 23846  11.8873  31.0102 0018329 188.4287  29.8046  0.98647436106431

1 23864U 96030A   25161.44419936 -.00000195  00000-0  00000-0 0  9992
2 23864  10.9722  41.5395 0007940  89.2256 102.4713  0.99005944106033

1 23865U 96030B   25158.86907140 -.00000124  00000-0  00000+0 0  9995
2 23865  11.9250  37.0548 0008552 176.1446   7.8209  0.97118653104933

1 23883U 96034D   25161.72197602 -.00000132  00000-0  00000-0 0  9992
2 23883  15.2602   0.6689 0030536  94.3845 262.4776  0.97945947103890

1 23915U 96035A   25161.12267144 -.00000221  00000-0  00000-0 0  9991
2 23915   9.9410  50.9769 0015131 224.6494 338.5293  0.99181578105718

1 23943U 96039A   25161.84959584 -.00000260  00000-0  00000-0 0  9994
2 23943  12.2414  22.4770 0020008 344.9022 321.8717  0.99192367 38953

1 24209U 96044B   25160.73380271  .00000008  00000-0  00000-0 0  9993
2 24209  12.5673  27.1737 0016549  16.8901 173.8727  0.98446319104880

1 24665U 96067A   25161.35600255 -.00000137  00000-0  00000-0 0  9994
2 24665  11.2963  38.5896 0007149  95.4263 266.7188  0.98382692104400

1 24732U 97007A   25161.85672833 -.00000245  00000-0  00000-0 0  9990
2 24732  11.7096  32.2009 0008200 289.2885  18.1063  0.98908846103377

1 24737U 97008A   25161.79628329 -.00000160  00000-0  00000-0 0  9996
2 24737  14.2975   6.4664 0008908 314.2746 230.2655  0.99032552 15139

1 24742U 97009A   25161.47265384  .00000031  00000-0  00000-0 0  9992
2 24742  11.6097  36.0085 0010758   7.8604 277.7439  0.98733599102985

1 24748U 97011A   25161.85975619 -.00000284  00000-0  00000-0 0  9993
2 24748  12.6619  25.4255 0024279 315.8222   7.2518  0.99033089102807

1 24768U 97016A   25161.71897147  .00000047  00000-0  00000-0 0  9990
2 24768  12.5090  27.8754 0091569  42.5464 152.5754  0.98750440102272

1 24769U 97016B   25161.40475693 -.00000091  00000-0  00000-0 0  9995
2 24769  10.4356  43.9156 0001795 291.4732 350.9218  0.99119060 43119

1 24786U 97019A   25161.84678164 -.00000216  00000-0  00000-0 0  9992
2 24786  12.6867  23.7220 0028848 227.0276  71.2294  0.99125090102385

1 24808U 97025A   25160.80033146 -.00000017  00000-0  00000-0 0  9993
2 24808  11.4129  35.4441 0003139 331.3264 210.3476  0.98972137 42398

1 24812U 97026A   25161.86155719  .00000099  00000-0  00000-0 0  9996
2 24812   6.4563  72.1165 0007788  15.4291 177.6480  0.99088434102547

1 24834U 97029A   25158.79508073 -.00000230  00000-0  00000-0 0  9994
2 24834  15.4649   8.7186 0103723 228.5223 304.6146  0.96051832 99806

1 24846U 97031A   25161.49854103 -.00000126  00000-0  00000-0 0  9993
2 24846  10.6426  46.0225 0023321 286.4725  57.3589  0.98109662101289

1 24880U 97036A   25160.81906171 -.00000015  00000-0  00000-0 0  9991
2 24880  11.4370  36.6912 0005552 353.7463   6.1846  0.99073275 61188

1 24891U 97040A   25161.58614184 -.00000130  00000-0  00000-0 0  9991
2 24891   9.4093 329.0989 0675269 246.3017 295.2297  0.93697953 73422

1 24916U 97046A   25161.84959568 -.00000219  00000-0  00000-0 0  9990
2 24916   9.5896  52.5124 0001876 172.9117 102.8427  0.99036961101863

1 24932U 97049B   25161.32002456 -.00000181  00000-0  00000-0 0  9997
2 24932  13.3662  17.4940 0009374  53.4416 124.8040  0.98311839101096

1 24957U 97053A   25161.93528017 -.00000052  00000-0  00000-0 0  9999
2 24957   9.7291  51.2158 0002175 210.9615 353.9837  0.99105778101273

1 25004U 97059A   25161.11711650 -.00000206  00000-0  00000-0 0  9997
2 25004   8.6562  59.3586 0015440 342.5177 218.9227  0.98875634100922

1 25067U 97075A   25161.43819374 -.00000020  00000-0  00000-0 0  9995
2 25067  10.8278  42.4133 0017734 169.9031  58.7608  0.98653936103160

1 25071U 97076A   25161.93930451 -.00000033  00000-0  00000-0 0  9990
2 25071   8.6474  58.3782 0006928 126.0295  77.3225  0.99039032100696

1 25134U 98002A   25159.41503094 -.00000257  00000-0  00000-0 0  9997
2 25134  12.5523  13.0556 0004460 137.8135 224.8357  0.99156459 99677

1 25237U 98013A   25161.91560591 -.00000174  00000-0  00000-0 0  9994
2 25237  10.2753  49.5005 0004764 343.9551 330.0911  0.98277684 36572

1 25239U 98014A   25161.43859267  .00000044  00000-0  00000-0 0  9990
2 25239   6.1776  74.2066 0003303  54.1999 185.2070  0.99076520 43289

1 25311U 98024A   25161.84206243 -.00000093  00000-0  00000-0 0  9992
2 25311   9.8513  54.6901 0023410 290.9123 332.3226  0.97394047 46724

1 25312U 98024B   25161.87656372  .00000011  00000-0  00000-0 0  9997
2 25312  10.7240  47.9126 0001927 246.2762   5.5187  0.99116600 42471

1 25331U 98028A   25161.46626468  .00000053  00000-0  00000-0 0  9996
2 25331  11.1414  33.7766 0011501 302.2726 335.6984  0.98949111 98658

1 25339U 96053D   25161.83112021 -.00000157  00000-0  00000-0 0  9992
2 25339  15.0310   5.9061 0051318 304.6445  15.8007  0.98095846 96992

1 25354U 98033A   25161.37972440  .00000045  00000-0  00000-0 0  9992
2 25354   8.0558  64.9294 0003331 117.1828 108.8606  0.98991517 42250

1 25358U 98035A   25161.46936929 -.00000238  00000-0  00000-0 0  9995
2 25358  11.0962  42.0384 0003384 160.0524  30.6873  0.98832024 98810

1 25404U 98044A   25160.80502300  .00000096  00000-0  00000-0 0  9997
2 25404  10.1912  48.5037 0003340 232.8695 321.4828  0.99194852 98218

1 25460U 98049A   25160.78848447  .00000058  00000-0  00000-0 0  9994
2 25460  10.2883  48.5516 0010094 334.2463 224.5990  0.98745428 41394

1 25462U 98050A   25161.91832664 -.00000230  00000-0  00000-0 0  9991
2 25462   6.1580  73.3120 0025415  50.7249 252.7023  0.98663735 42601

1 25473U 98052A   25160.87197446 -.00000156  00000-0  00000-0 0  9998
2 25473   9.5949  55.5917 0004898 150.2708  10.1365  0.98212946 96971

1 25492U 98056B   25161.56621385 -.00000140  00000-0  00000-0 0  9997
2 25492  11.1475  37.1347 0003108  62.1292 296.7101  0.99034358 97432

1 25495U 98057A   25161.87699431  .00000017  00000-0  00000-0 0  9994
2 25495   9.6923  54.1555 0014501  27.9456 216.4840  0.98453616 96805

1 25501U 98058A   25161.44105480 -.00000094  00000-0  00000-0 0  9998
2 25501  10.8684  23.1396 0011172 353.4377 247.3106  0.98177112 96172

1 25515U 98063A   25161.55327890  .00000072  00000-0  00000-0 0  9997
2 25515   9.4118  53.0864 0003067  72.5840 210.9777  0.99005903 96879

1 25522U 98065A   25161.91349990 -.00000156  00000-0  00000-0 0  9996
2 25522   8.1918  67.4790 0281722 296.3120 353.4362  0.95186979 41277

1 25546U 98068A   25161.39568100 -.00000040  00000-0  00000-0 0  9995
2 25546  10.1066  49.6826 0004183  14.4615 250.6750  0.99036217 96850

1 25558U 98070A   25161.50158184 -.00000208  00000-0  00000-0 0  9997
2 25558   9.4971  55.4519 0005371  51.3941 301.1631  0.98722757 96787

1 25585U 98075A   25161.81015604 -.00000295  00000-0  00000-0 0  9991
2 25585  11.7461  33.5812 0016645 154.6570 150.5718  0.99156849 96305

1 25626U 99005A   25161.42577071 -.00000051  00000-0  00000-0 0  9999
2 25626  10.8519  50.4145 0003393  88.5342 111.4038  0.98999188 40311

1 25630U 99006A   25161.43741282 -.00000001  00000-0  00000-0 0  9998
2 25630   8.8128  59.6040 0025245  33.7325 175.0986  0.98811310 12538

1 25645U 99010D   25159.72708844 -.00000175  00000-0  00000-0 0  9997
2 25645  16.2789   7.4496 0019162 331.4023   3.8317  0.98045853 94032

1 25657U 99013A   25161.88272707  .00000004  00000-0  00000-0 0  9997
2 25657   8.9529  58.4787 0005308  25.5899 222.2996  0.98871564 95917

1 25673U 99018A   25161.53794668 -.00000097  00000-0  00000-0 0  9990
2 25673   9.7213  54.1419 0006457  94.3892 241.9241  0.98430066 37894

1 25740U 99027A   25161.57837541 -.00000006  00000-0  00000-0 0  9997
2 25740   5.6710  75.1874 0010697 309.9731 120.5846  0.98579598 95118

1 25785U 99033A   25161.91560631 -.00000245  00000-0  00000-0 0  9999
2 25785   9.8316  51.6794 0008996 131.7898 178.2434  0.98945505 47417

1 25867U 99040B   25164.14640100  .00000603  00000-0  00000-0 0  9993
2 25867  49.3981 129.9229 8427513 309.4372   0.0519  0.37799409 15937

1 25869U 99040D   25161.31483417 -.00000033  00000-0  00000-0 0  9995
2 25869  30.6529 208.4586 7977791 355.3971   0.8484  0.97236256 91936

1 25913U 99050A   25161.88028249 -.00000012  00000-0  00000-0 0  9993
2 25913  11.2997  38.9950 0003163  25.9644 242.4730  0.98744548 93203

1 25922U 99052A   25161.42577067 -.00000043  00000-0  00000-0 0  9996
2 25922   9.4242  54.8168 0016296 331.3785 224.3210  0.99020356 47570

1 25937U 99056A   25160.98795021 -.00000220  00000-0  00000-0 0  9995
2 25937   9.8580  51.8635 0001656 255.3336 290.2330  0.98963160 93532

1 25949U 99059A   25161.58007080  .00000034  00000-0  00000-0 0  9991
2 25949   7.7619  67.0108 0008791 238.3915  41.5570  0.98498423 93516

1 25954U 99060A   25161.14845060 -.00000202  00000-0  00000-0 0  9997
2 25954   4.2951  78.2796 0001155  70.9794 149.1490  0.99137426 39725

1 25989U 99066A   25163.38931959  .00000097  00000-0  00000+0 0  9992
2 25989  66.2804 287.8744 4848919  71.3419   0.2478  0.50135437 35512

1 25990U 99066B   25162.52919887 -.00000458  00000-0  00000-0 0  9998
2 25990  70.7082 310.3938 6682852 110.7695 359.6954  0.55302679 39307

1 26038U 99071A   25161.13308872 -.00000211  00000-0  00000-0 0  9997
2 26038   5.7959  75.0938 0011838 330.0644 244.8044  0.99024691 93322

1 26058U 00003A   25161.87425759 -.00000042  00000-0  00000-0 0  9993
2 26058  11.8394  35.0678 0003798 309.8456 311.2562  0.97320464 42360

1 26095U 00012A   25161.45947583 -.00000128  00000-0  00000-0 0  9997
2 26095   7.3616  68.8465 0014400 138.5972 225.3930  0.98852954 41108

1 26098U 00013A   25161.53794668 -.00000117  00000-0  00000-0 0  9992
2 26098  12.6331  25.9271 0007598  36.2260 333.0627  0.98257113 91737

1 26243U 00019A   25161.46289199  .00000064  00000-0  00000-0 0  9990
2 26243  10.1050  49.2784 0004808 113.0488 143.8983  0.98952950 91660

1 26352U 00022A   25161.93738973 -.00000041  00000-0  00000-0 0  9992
2 26352  11.0147  49.9795 0002005 234.0510 336.7113  0.99043123 48792

1 26369U 00028A   25161.39894089 -.00000019  00000-0  00000-0 0  9992
2 26369   7.6740  65.7745 0008547 266.7104 346.8376  0.98469079 91465

1 26378U 00031A   25161.82810457 -.00000044  00000-0  00000-0 0  9999
2 26378  11.6898  35.0324 0008209 187.1784  72.2819  0.98766232 90554

1 26402U 00038A   25161.47110691 -.00000203  00000-0  00000-0 0  9995
2 26402  10.0701  49.8632 0004939   5.9908 186.0329  0.98793426 90830

1 26410U 00041A   25162.61879497  .00002136  00000-0  00000-0 0  9997
2 26410 144.2737  11.3818 8363135 226.7212   0.0306  0.44834028 18658

1 26463U 00045A   25160.83444996  .00006954  00000-0  00000-0 0  9995
2 26463 152.0205  75.3818 9073079 294.0810   1.3036  0.42917584 18539

1 26464U 00045B   25164.17322430  .00002170  00000-0  00000-0 0  9991
2 26464 144.5648  11.8611 8373217 227.0565   0.0272  0.44422884 18659

1 26469U 00046A   25161.45087378  .00000090  00000-0  00000-0 0  9993
2 26469   8.3750  62.8225 0002958 212.7355  14.9966  0.99164506 91078

1 26470U 00046B   25161.87479580  .00000010  00000-0  00000-0 0  9993
2 26470   8.4629  63.2605 0006115  46.8344 177.5758  0.98041855 40907

1 26480U 00049D   25159.43082934 -.00000178  00000-0  00000-0 0  9995
2 26480  14.3510  12.8867 0014306  23.9307 340.0012  0.98194320 42727

1 26487U 00052A   25161.88304979 -.00000024  00000-0  00000-0 0  9994
2 26487  10.5514  49.3194 0008460 292.8311 329.1812  0.98179008 89532

1 26494U 00054A   25161.81017118  .00000079  00000-0  00000-0 0  9992
2 26494   8.7156  59.7915 0011418 148.9643  42.7008  0.98914549 42961

1 26495U 00054B   25161.89133464 -.00000097  00000-0  00000-0 0  9995
2 26495   5.9691  74.7318 0006380  93.4289 154.9822  0.99131931 90286

1 26559U 00060A   25161.38972220 -.00000006  00000-0  00000-0 0  9998
2 26559   5.8483  74.6241 0007220  17.1300 214.3521  0.99179241 90137

1 26578U 00066A   25161.84719682 -.00000209  00000-0  00000-0 0  9992
2 26578   9.4075  23.4995 0008395  13.0051 289.2252  0.98986209 89482

1 26590U 00068A   25161.45637562  .00000082  00000-0  00000-0 0  9999
2 26590   7.4130  68.5867 0009320 196.9053  31.2959  0.99027369 47810

1 26599U 00069A   25161.46311355  .00000052  00000-0  00000-0 0  9996
2 26599  11.7352  35.1138 0012624 347.5278 285.9745  0.98906652 89501

1 26608U 00072A   25161.89262669 -.00000097  00000-0  00000-0 0  9991
2 26608   7.1522  68.8629 0006140 295.5173 322.0774  0.98968504 37557

1 26624U 00076A   25161.46503353 -.00000153  00000-0  00000-0 0  9997
2 26624   4.2342  79.3675 0004114 188.0273 159.6602  0.98960848 39387

1 26638U 00081A   25161.50140809 -.00000230  00000-0  00000+0 0  9991
2 26638   9.6586  52.2978 0001524 164.1952 188.9809  0.99003494 89552

1 26639U 00081B   25161.88062039  .00000033  00000-0  00000-0 0  9992
2 26639   5.1677  77.1062 0003816 251.0859 331.6365  0.99147213 89500

1 26666U 01002A   25161.44683868 -.00000025  00000-0  00000-0 0  9999
2 26666   8.0443  65.4840 0009788 325.4120 251.5198  0.98207907 88631

1 26694U 01005A   25093.57857635 0.00000000  00000-0  00000-0 0    01
2 26694  11.5272  33.4527 0008502 146.4402 213.6258  0.98739767    00

1 26695U 01005B   25159.33317736 -.00000075  00000-0  00000-0 0  9992
2 26695  11.7315  20.6945 0004476 190.5685 357.9579  0.99150874 88902

1 26719U 01011A   25161.88912148 -.00000038  00000-0  00000-0 0  9996
2 26719   6.4439  71.5361 0006254 312.5994 294.3787  0.98790847 88712

1 26720U 01011B   25161.42460287 -.00000179  00000-0  00000-0 0  9996
2 26720   9.9403  50.8105 0002522 167.8977 132.5235  0.99177992 88289

1 26724U 01012A   25161.46962626  .00000060  00000-0  00000-0 0  9997
2 26724   8.7154  60.2411 0006712  80.7603 176.2467  0.99080082 38552

1 26738U 01014C   25161.34289105 -.00000107  00000-0  00000-0 0  9998
2 26738  14.9215  17.1380 0178936 225.7265 348.1481  0.97964834 86512

1 26761U 01018A   25161.45947583 -.00000155  00000-0  00000-0 0  9994
2 26761   7.9326  65.7458 0010071 339.2501  20.7698  0.99009094 42433

1 26770U 01020A   20185.07413062 0.00000000  00000-0  00000-0 0    07
2 26770   7.9176  43.1250 0016202  49.2544 310.8983  0.98833351    00

1 26824U 01024A   25161.50088681 -.00000195  00000-0  00000-0 0  9996
2 26824   0.2830  92.3610 0005217  11.5155 299.1005  0.98821295 19247

1 26853U 01025A   25161.87341135  .00000089  00000-0  00000-0 0  9996
2 26853   7.2689  68.2816 0004751 337.7277 234.7724  0.99035431 41279

1 26871U 01031A   25161.06016736 -.00000225  00000-0  00000-0 0  9993
2 26871  11.5056  40.3473 0005632 308.9645 243.5091  0.99138503 87070

1 26927U 01042A   25161.87522553  .00000053  00000-0  00000-0 0  9993
2 26927   5.6654  75.2152 0003484 231.5596 333.9303  0.98526010 86498

1 26936U 01045A   25161.56299928 -.00000060  00000-0  00000-0 0  9998
2 26936  14.2535  17.3560 0018185 197.5788 163.3920  0.97744010 84972

1 27389U 02011A   25161.62630683 -.00000125  00000-0  00000-0 0  9991
2 27389  11.3805  50.4783 0003981  99.9469 160.4007  0.98984294 86604

1 27399U 02015A   25161.54113778 -.00000221  00000-0  00000-0 0  9995
2 27399   7.3828  68.3301 0007221  56.9362 135.1805  0.99031315 84976

1 27400U 02015B   25161.55327281  .00000075  00000-0  00000-0 0  9991
2 27400   9.7392  51.1781 0000733 307.2388 338.7554  0.99085135 84885

1 27403U 02016A   25161.54122465 -.00000218  00000-0  00000-0 0  9991
2 27403   6.7804  70.8719 0001472  78.4510 111.5264  0.99024414 41710

1 27414U 02019A   25161.47614148 -.00000233  00000-0  00000-0 0  9999
2 27414   8.4376  61.4615 0003155  47.6977 291.6236  0.99084208 84770

1 27460U 02035A   25159.51474991 -.00000065  00000-0  00000-0 0  9993
2 27460   5.1150  77.0154 0012510  11.6183  21.5658  0.98355982 83700

1 27461U 02035B   25161.50123433 -.00000227  00000-0  00000-0 0  9998
2 27461  10.2919  47.2931 0007750 177.4154 179.7984  0.98954600 83757

1 27501U 02039A   25161.43112939 -.00000062  00000-0  00000-0 0  9995
2 27501   7.9054  65.7714 0011909  36.0629 157.4724  0.98510437 48399

1 27508U 02040A   25161.91915601 -.00000199  00000-0  00000-0 0  9995
2 27508   6.3348  72.7877 0007721   5.3547 307.1891  0.98295455 82991

1 27509U 02040B   25160.89489388 -.00000147  00000-0  00000-0 0  9993
2 27509  10.5211  44.1291 0015353  64.6278 118.3305  0.97905648 83286

1 27525U 02043A   25161.87508213  .00000015  00000-0  00000-0 0  9995
2 27525  12.4413  35.2643 0006840 127.6362 122.6856  0.98336336 82838

1 27528U 02044A   25161.56751706 -.00000139  00000-0  00000-0 0  9990
2 27528   5.6032  75.0189 0045867 128.5280 199.5848  0.98929642 83068

1 27540U 02048A   25159.33690781 -.00000479  00000-0  00000-0 0  9992
2 27540  91.1392   4.5529 8613273 271.5070 350.8223  0.37577920 25226

1 27603U 02057A   25161.50114744 -.00000226  00000-0  00000-0 0  9994
2 27603   4.4190  78.9908 0003862 264.3155  60.7464  0.99127581 82238

1 27683U 03007A   25161.85483763 -.00000278  00000-0  00000-0 0  9993
2 27683   4.7860  76.9744 0007738  50.1653 218.5367  0.99162386 81505

1 27715U 03013B   25161.54113778 -.00000221  00000-0  00000-0 0  9996
2 27715   6.0419  73.6173 0002750 309.6528 236.8781  0.98988702 48286

1 27820U 03024A   25161.86155719  .00000092  00000-0  00000-0 0  9996
2 27820   6.9907  69.9245 0018214 346.3238 208.8663  0.99029665 80313

1 27852U 03033A   25161.88072777  .00000060  00000-0  00000-0 0  9990
2 27852   5.2992  92.5339 0006476 106.2110  96.8234  0.98880826 79948

1 27948U 03043A   25161.43725133 -.00000085  00000-0  00000-0 0  9997
2 27948   8.8748  59.3203 0002939 175.1159  15.6288  0.98887037 41387

1 28082U 03052A   25161.91915591 -.00000273  00000-0  00000-0 0  9998
2 28082   9.6513  53.3151 0004193  99.8920 231.4353  0.99114675 78703

1 28137U 04001A   25161.84206229 -.00000150  00000-0  00000-0 0  9991
2 28137  10.3180  47.7378 0005915  15.6876 254.5621  0.98831948 77914

1 28154U 04003A   25160.80050522  .00000026  00000-0  00000-0 0  9991
2 28154   5.7448  73.2184 0003470  49.4099  95.2697  0.99121641 77885

1 28238U 04016A   25161.89253543 -.00000022  00000-0  00000-0 0  9993
2 28238   4.1691  79.4901 0006177  62.4431 174.2375  0.98915832 77128

1 28364U 04024A   25161.45947583 -.00000142  00000-0  00000-0 0  9991
2 28364   6.0268  74.1654 0005550 343.0120  10.2325  0.99016064 76610

1 28393U 04031A   25158.94381340 -.00000064  00000-0  00000-0 0  9997
2 28393   8.5066  62.8525 0013303  76.9871 125.2264  0.98458265 75795

1 28451U 04042A   25161.91734310 -.00000187  00000-0  00000-0 0  9990
2 28451  11.8354  33.8737 0003245   7.9084 331.7708  0.98084632 37523

1 28463U 04043A   25161.44717205  .00000075  00000-0  00000-0 0  9991
2 28463  10.7494  42.9884 0007903 234.9817   4.9675  0.99193671 75028

1 28472U 04048A   25161.89493166 -.00000121  00000-0  00000-0 0  9995
2 28472   3.6394  81.0849 0000871 257.4807 350.2426  0.99104797 74806

1 28520U 87022F   25161.84793492 -.00000341  00000-0  00000-0 0  9996
2 28520  10.8632 321.2270 1047386  81.3950 302.0732  0.98770559 42318

1 28622U 05006A   25161.87974485  .00000035  00000-0  00000-0 0  9996
2 28622   8.4965  62.3220 0012286 284.4436 312.0128  0.98911206 40343

1 28629U 05010A   25161.03239253 -.00000213  00000-0  00000-0 0  9992
2 28629   8.8462  58.9362 0021060  90.2549 106.7060  0.99044352 36878

1 28638U 05012A   25161.91528319 -.00000196  00000-0  00000-0 0  9995
2 28638   6.4155  73.6689 0009381 306.7171 344.1242  0.98573313 98371

1 28644U 05015A   25161.45754385 -.00000081  00000-0  00000-0 0  9991
2 28644   5.7447  75.1340 0003881 107.6328 176.2190  0.98490931 42511

1 28707U 05023A   25161.81572632  .00000088  00000-0  00000-0 0  9999
2 28707   6.3715  72.3702 0001324 224.6354 309.7589  0.98997957 49530

1 28790U 05030A   25161.41099513 -.00000044  00000-0  00000-0 0  9990
2 28790   4.0659  79.6065 0004897 343.3311 263.7579  0.98913524 72549

1 28884U 05041A   25161.85280975 -.00000240  00000-0  00000-0 0  9996
2 28884   2.5711  81.3191 0013411 126.8797 133.4003  0.98942444 71760

1 28902U 05046A   25161.14601795 -.00000226  00000-0  00000-0 0  9995
2 28902   3.8153  80.5475 0004688 187.4176  17.3692  0.99149963 71547

1 28903U 05046B   25161.82330838  .00000075  00000-0  00000-0 0  9999
2 28903   4.5206  76.1808 0004561  38.4779 155.9698  0.99059346 47598

1 28911U 05049A   25161.86711488  .00000100  00000-0  00000-0 0  9998
2 28911   5.4877  76.2916 0004344 102.8358  79.5216  0.99197458 41745

1 28937U 06004A   25161.89241118 -.00000085  00000-0  00000-0 0  9992
2 28937   4.8260  77.5368 0006168 145.9264  99.6717  0.99074991 70542

1 28946U 06007B   25160.45044696 -.00000084  00000-0  00000-0 0  9997
2 28946   1.1130  90.2368 0009686 245.2260  29.4138  0.98038367 70586

1 29155U 06018A   25159.98591701  .00000070  00000-0  00000-0 0  9996
2 29155   3.5617  81.0003 0061360 266.7266 148.0165  0.98794362 39565

1 29162U 06020A   25161.56577946 -.00000094  00000-0  00000-0 0  9996
2 29162   1.4128  87.0416 0003510 352.3189 313.9376  0.98935243 69688

1 29240U 06024A   20325.96379736 0.00000000  00000-0  00000-0 0    04
2 29240   3.3971  78.9809 0011182 212.0649 147.8793  0.98608484    06

1 29241U 06024B   24137.18458378 0.00000000  00000-0  00000-0 0    04
2 29241  10.2910  44.3916 0086030 266.9282  93.0718  0.98909832    08

1 29516U 06048A   25161.45671082 -.00000082  00000-0  00000-0 0  9990
2 29516  13.5052  58.4826 0034924 276.5172 322.0130  0.92881533 63959

1 29520U 06049A   25161.88537675  .00000079  00000-0  00000-0 0  9997
2 29520   1.8797  85.9673 0008863 318.4796 230.7390  0.98812503 47677

1 29640U 06053A   25158.86637811 -.00000173  00000-0  00000-0 0  9998
2 29640  10.2563  43.8473 0010157  30.0809 132.1893  0.98195323 67328

1 29644U 06054B   25161.73280896 -.00000102  00000-0  00000-0 0  9992
2 29644   1.6383  90.6163 0006363  95.7113 165.7244  0.98861252 67718

1 29656U 06059A   25161.88766134 -.00000084  00000-0  00000-0 0  9999
2 29656  10.8587  42.2528 0001204  83.5503 194.2517  0.99004958 67357

1 30323U 07003A   25160.97127954 -.00000147  00000-0  00000-0 0  9992
2 30323   9.0156  60.8336 0053230 264.2271 284.7239  0.99158588 67019

1 30580U 07004A   25158.66703153 -.00000399  00000-0  13634-2 0  9990
2 30580   4.1825 212.0783 8463358  53.5096 357.1864  0.87838689 62678

1 30793U 07007A   25161.54157219 -.00000206  00000-0  00000-0 0  9994
2 30793   5.1379  77.9022 0013455 147.9363  36.8004  0.99081456 38337

1 30797U 07004D   25158.65595174 -.00000477  00000-0  00000-0 0  9999
2 30797   1.5735 111.3111 8424307 158.2546 342.0994  0.87836370 37785

1 30798U 07004E   25158.70023567 -.00000451  00000-0  00000-0 0  9990
2 30798   1.4970 262.0424 8419753   8.2654   8.9564  0.87837434 62624

1 31577U 07021A   25160.97127954 -.00000172  00000-0  00000-0 0  9992
2 31577   8.7601  51.0125 0015906  94.9347 100.3195  0.98337183 37773

1 32018U 07036A   25161.58701065  .00000063  00000-0  00000-0 0  9996
2 32018   3.0377  81.6015 0001876  99.5164 327.0974  0.99139976 42778

1 32019U 07036B   25161.49662966 -.00000168  00000-0  00000-0 0  9990
2 32019   0.6933 100.6335 0003106  51.6892 227.5510  0.99141399 46789

1 32253U 07044B   25161.38933510 -.00000214  00000-0  00000-0 0  9995
2 32253   2.5963  83.3110 0003041  55.7864 221.0272  0.99049160 64768

1 32288U 07054B   25160.29914071 -.00000099  00000-0  00000-0 0  9995
2 32288  10.6450  55.0722 0240263 130.7708 231.2093  0.95870484 21665

1 32293U 07056A   25161.71179478 -.00000228  00000-0  00000-0 0  9999
2 32293   3.7956  80.4042 0009869 187.2888  51.6179  0.99069452 11705

1 32387U 07063A   25161.87656338  .00000020  00000-0  00000-0 0  9992
2 32387  10.6676  44.7452 0010826  75.6465 177.8758  0.99060900 63798

1 32705U 77093E   25163.61288046  .00001019  00000-0  00000-0 0  9996
2 32705  49.0524 140.8292 6546200 289.5770   0.5148  0.25806234 10852

1 32779U 08019A   25161.41408309 -.00000052  00000-0  00000-0 0  9998
2 32779   9.2421  63.2290 0006366 236.2549  27.8574  0.97413709 11737

1 33059U 08022B   25158.85114009 -.00000158  00000-0  00000-0 0  9996
2 33059  13.0591  35.2526 0549221  47.5919 152.5119  0.95533940 59390

1 33154U 08034B   25161.37822524 -.00000201  00000-0  00000-0 0  9993
2 33154   1.8971  83.7046 0011714 344.9517 303.8305  0.98747764 61998

1 33453U 08063A   25161.85597515 -.00000265  00000-0  00000-0 0  9999
2 33453   1.8193  85.7794 0007636 311.5807 316.0214  0.99026911 60346

1 33460U 08065B   25161.89241116 -.00000058  00000-0  00000-0 0  9996
2 33460   4.3680  78.8957 0002776 343.2547 261.9376  0.98761384 60122

1 33463U 08066A   25158.94172828 -.00000052  00000-0  00000-0 0  9999
2 33463   8.4091  57.6462 0001162  43.2372 153.6957  0.99122763 60296

1 33491U 09001B   25161.35309646 -.00000171  00000-0  00000-0 0  9991
2 33491   9.0158  36.7530 0267354  57.8855 304.5951  0.96059716 20589

1 33521U 81049D   25161.55196545 -.00000195  00000-0  00000-0 0  9997
2 33521  17.1829 319.8172 1697020 137.0032 238.8280  0.82272610 55544

1 33596U 09007B   25161.82209470  .00000038  00000-0  00000-0 0  9990
2 33596   9.3395  56.2624 0010489 347.3439 232.2996  0.99108826 59399

1 33598U 09007D   25161.45042388 -.00000050  00000-0  00000-0 0  9999
2 33598  11.7593  39.3688 0205330  52.4953 197.1671  0.97631017 58643

1 33750U 09008B   25161.55274738  .00000073  00000-0  00000-0 0  9991
2 33750   1.7298  85.0706 0004957 319.8185 278.2437  0.98942429 59681

1 34710U 09016A   25161.56812523 -.00000082  00000-0  00000-0 0  9999
2 34710   2.0624  84.8088 0009344  74.0416 247.4002  0.98114981 37391

1 34779U 09018A   25161.16626110 -.00000099  00000-0  00000-0 0  9995
2 34779  10.6713  44.7262 0306178 275.8617  70.4270  0.94517350 58632

1 35812U 09046A   25161.35987608  .00000059  00000-0  00000-0 0  9993
2 35812   4.7411  80.3189 0019197  28.9071 330.8679  0.98746100 57712

1 36358U 10002A   25161.55856838  .00000058  00000-0  00000-0 0  9994
2 36358   2.6506  83.5842 0005237 263.2667   7.6937  0.98965222 46347

1 36398U 10006B   25160.21156083 -.00000150  00000-0  00000-0 0  9993
2 36398  12.9488  50.0006 0460479  54.8655 309.2778  0.86941960 48648

1 37158U 10045A   25160.18362341  .00000022  00000-0  00000-0 0  9990
2 37158  43.7283 120.4916 0003210  20.2595  97.4672  0.87715610 53126

1 37234U 10064A   25161.48116493  .00000006  00000-0  00000-0 0  9997
2 37234   6.3022  87.8263 0021135 262.4982 306.1189  0.98416688 53100

1 37377U 11011A   24007.64408617 0.00000000  00000-0  00000-0 0    03
2 37377   5.1648  27.4689 0037960 112.5293 247.8852  0.99118484    07

1 37381U 08006C   25161.72475288 -.00000103  00000-0  00000-0 0  9999
2 37381  11.4907  29.9257 0245623 294.2292 257.3465  0.95122880 59418

1 37737U 11032A   25161.17336402 -.00000146  00000-0  00000-0 0  9997
2 37737   4.6165  70.6317 0005341 271.6144 341.2423  0.98999905 40419

1 37746U 11034A   25161.44986559  .00000061  00000-0  00000-0 0  9998
2 37746   4.3340  80.9352 0003855 152.8998  52.6556  0.98859737 39651

1 37755U 11037A   25158.92435394 -.00001558  00000-0  00000-0 0  9999
2 37755  82.0356 323.6587 5801311 334.4327 356.4628  0.09910153  5492

1 37952U 11074C   25161.89537749 -.00000134  00000-0  00000-0 0  9995
2 37952  10.4563  52.9164 0789480 172.6538  96.4270  0.89625638 43813

1 38049U 12002A   25161.97468223 -.00000045  00000-0  00000-0 0  9995
2 38049   6.6423  70.2820 0001138 148.6566  50.3482  0.99139747 49122

1 38730U 12040A   25161.81572632  .00000075  00000-0  00000+0 0  9998
2 38730   4.9317  66.4704 0016232 126.2155  51.7807  0.98921985 47189

1 38868U 12057B   25161.38904905 -.00000137  00000-0  00000-0 0  9993
2 38868  11.1197  59.3595 0528483  37.4377 210.7780  0.88385875 40542

1 39459U 13070B   25163.67976336  .00001614  00000-0  00000-0 0  9997
2 39459  40.5198 133.5272 5017583  68.8180   1.9609  0.06088619 37005

1 39488U 13077B   25160.10942611 -.00000156  00000-0  00000-0 0  9991
2 39488   9.5919  62.2836 0558572 175.1454 185.2328  0.89565879 37335

1 39614U 14010C   25161.06466491 -.00000167  00000-0  00000-0 0  9995
2 39614   9.9908  62.5463 0683375  43.2720 321.7548  0.90580465 37137

1 39729U 14023C   25161.06957913 -.00000159  00000-0  00000-0 0  9991
2 39729   9.1945  55.9878 0644975 192.9896 165.0887  0.92544332 37536

1 40099U 14043A   25159.00918876 -.00000114  00000-0  00000+0 0  9991
2 40099   4.5108  79.7927 0002918  57.7433 120.9674  0.96774650 23741

1 40100U 14043B   25159.45740414  .00000063  00000-0  00000+0 0  9996
2 40100   3.7479  80.8206 0001640 285.0177 307.7866  0.99127131 23861

1 40101U 14043C   25161.43841797 -.00000002  00000-0  00000-0 0  9999
2 40101   8.3572  60.8936 0013362 323.4444 246.6605  0.98726938 21637

1 40102U 14043D   25161.63388269 -.00000117  00000-0  00000+0 0  9998
2 40102   8.3224  60.9872 0009559 300.0720  59.6770  0.98912521 22353

1 40259U 14058B   25160.77500133 -.00000120  00000-0  00000-0 0  9992
2 40259   9.5106  63.1915 0640052 190.4424 167.9799  0.91687035 35813

1 40278U 14064B   25160.40694172 -.00000147  00000-0  00000-0 0  9996
2 40278   8.3384  66.4088 0592758 208.5235 147.9138  0.95222791 36977

1 40355U 14085A   25161.84486820 -.00000115  00000-0  00000+0 0  9997
2 40355   9.3681  64.2770 0365805 345.5327  13.3246  0.94060607 36244

1 40482U 15011A   25162.25002315 -.00000491  00000-0  00000+0 0  9994
2 40482  64.5637 355.3996 8720030 159.3416 198.7904  0.28507560 16390

1 40483U 15011B   25162.25002315 -.00000491  00000-0  00000+0 0  9995
2 40483  64.5461 355.4058 8718018 159.3378 198.7883  0.28507616 16372

1 40484U 15011C   25162.25002315 -.00000491  00000-0  00000+0 0  9996
2 40484  64.5804 355.3894 8717805 159.3399 198.7818  0.28507132 16378

1 40485U 15011D   25162.25002315 -.00000490  00000-0  00000+0 0  9996
2 40485  64.5757 355.4028 8717134 159.3323 197.6835  0.28562962 16377

1 40896U 15048B   25160.68575878 -.00000036  00000-0  00000-0 0  9993
2 40896   8.1835  64.4856 0096891 137.2737 223.3062  0.98655296 35107

1 41103U 15073A   25161.97090944  .00000089  00000-0  00000+0 0  9998
2 41103   6.1610  73.2971 0004301 163.3576  57.6016  0.99166660 34862

1 41746U 16052C   25160.84919554  .00000046  00000-0  00000-0 0  9995
2 41746   7.8304  61.4956 0006369 335.1166  24.6816  0.98992527 21995

1 41840U 16065C   25161.15347249 -.00000126  00000-0  00000-0 0  9995
2 41840   8.3770  70.5600 0473166 222.3693 133.6930  0.93473864 29376

1 41929U 15019C   25166.62417716 -.00000246  00000-0  00000+0 0  9997
2 41929  10.2970 155.2356 6393426 246.5522   1.7400  0.27927144  9740

1 42909U 17046C   25161.00102473 -.00000156  00000-0  00000-0 0  9997
2 42909   7.6406  72.0552 0745302 152.6758 211.1732  0.90332960 25797

1 43088U 17086B   25160.52434748 -.00000255  00000-0  00000-0 0  9999
2 43088   6.6003  70.3780 0130271  18.3917 341.8545  0.98391463 26773

1 43282U 69013C   25161.68048118 -.00000100  00000-0  00000+0 0  9990
2 43282   1.2887  45.5412 0281069 242.7112 113.2009  0.91409610 24184

1 43283U 69013D   25144.46182214 -.00000127  00000-0  00000-0 0  9994
2 43283   0.3840 114.0544 0328148 114.2530 128.8297  0.93098509 24475

1 43284U 69013E   25159.71244458 -.00000108  00000-0  00000-0 0  9997
2 43284   0.3781  61.2057 0144073  54.5887 245.7106  0.97232201 25669

1 43340U 18036B   20173.78783517 0.00000000  00000-0  00000-0 0    04
2 43340   1.0720  93.3151 0002630  18.6158 341.3842  0.99183136    03

1 43433U 18037B   25160.88286378 -.00000124  00000-0  00000-0 0  9998
2 43433   7.0876  75.2350 0688503  19.4482 342.8322  0.90514249 23831

1 43435U 18038A   25154.61740823 -.00001792  00000-0  00000-0 0  9997
2 43435  55.5219  50.0111 4301953  97.1472   3.7267  0.07479025  1573

1 43447U 69013G   25161.20946595 -.00000109  00000-0  00000+0 0  9996
2 43447   0.2932  82.6517 0140569  18.5298 260.4169  0.97140632 25655

1 43448U 69013H   25161.00003645 -.00000149  00000-0  00000+0 0  9999
2 43448   0.4265 165.7025 0281638 330.2434 226.3443  0.98705701 25801

1 43449U 69013J   25160.79191364 -.00000183  00000-0  00000-0 0  9990
2 43449   0.4984  53.9728 0146873  80.6601 226.5844  0.96592449 25247

1 43455U 69013N   25160.21216935 -.00000114  00000-0  00000-0 0  9990
2 43455   1.2638 182.0497 0146936 299.0721  60.2031  0.94019759 24858

1 43465U 18036G   19350.26980955 0.00000000  00000-0  00000-0 0    05
2 43465   0.5829  96.2443 0000515 331.1216  20.0587  0.99175680    01

1 43513U 69013R   25161.65362796 -.00000049  00000-0  00000+0 0  9997
2 43513   1.0579 181.3164 0059847 216.0000 144.3318  0.95265852 24840

1 43514U 69013S   25159.48573530 -.00000118  00000-0  00000-0 0  9994
2 43514   0.6941  37.9705 0241130  68.7698 255.9347  0.97796601874701

1 43515U 69013T   25158.17953581 -.00000113  00000-0  00000-0 0  9993
2 43515   0.9961  38.5447 0310959 160.0913 160.1888  0.95445016 24645

1 43516U 69013U   25160.88441960 -.00000188  00000-0  00000-0 0  9990
2 43516   0.7379  41.5592 0108596  43.9210 275.7737  0.96514220 24936

1 43517U 69013V   25161.02793298 -.00000048  00000-0  00000-0 0  9997
2 43517   0.5614 158.1041 0071511 142.3809  58.8165  0.94323901 24347

1 43868U 18107B   25160.90583675 -.00000130  00000-0  00000-0 0  9998
2 43868   6.3746  78.1323 0709144 302.2740  50.8410  0.90470124 21349

1 43917U 18110C   25161.57892182 -.00000191  00000-0  00000-0 0  9994
2 43917   3.7036  83.5888 0004919  93.1420  97.7729  0.98358635 23381

1 44066U 19009E   25158.49321427 -.00000151  00000-0  00000-0 0  9990
2 44066   5.6280  75.4298 0002165 138.9940 220.7824  0.98987872 22654

1 44458U 19048B   25160.55911349 -.00000151  00000-0  00000-0 0  9996
2 44458   5.8290  76.8717 0722507 119.8220 247.2040  0.90283858 19195

1 44626U 19067C   25160.89188264 -.00000257  00000-0  00000-0 0  9990
2 44626  20.4798  71.1283 6571522 353.4361   1.1599  0.93851957 17605

1 47238U 20095B   25161.16482153 -.00000160  00000-0  00000-0 0  9993
2 47238   3.9609 298.5183 0261320   4.6814 355.7148  0.95076368  7662

1 47242U 20097A   25160.99151490 -.00000103  00000-0  00000-0 0  9994
2 47242   4.3561  81.3308 0082873 267.7803  90.9065  0.95298515 15722

1 49819U 21118C   25160.49356226 -.00000149  00000-0  00000-0 0  9990
2 49819   3.4983  83.1692 0289100 196.6657 161.9025  0.94821006 12152

1 50000U 70027C   25163.82644353 -.00000736  00000-0  00000-0 0  9990
2 50000  40.0776  72.0519 7345549 194.0243 359.5482  0.44285570 89520

1 51282U 22006C   25160.81718823 -.00000078  00000-0  00000-0 0  9996
2 51282   3.5862  79.9436 0266752   5.2085 354.6399  0.95002502  7650

1 52942U 22073C   25160.80383657 -.00000098  00000-0  00000-0 0  9998
2 52942   2.9747  84.7466 0405176  42.6867 319.8569  0.92488013  7456

1 52943U 22073D   25161.41222546 -.00000004  00000-0  00000-0 0  9993
2 52943   2.7904  83.6353 0008128  34.4762 325.0209  0.98671163  7964

1 54034U 22131B   25160.76306918 -.00000016  00000-0  00000-0 0  9997
2 54034   2.4053  83.5715 0079640  28.0671 331.7362  0.97748079  9488

1 54221U 22144C   25161.31910155 -.00000005  00000-0  00000-0 0  9993
2 54221   5.0640  65.7600 0054244 207.4191 151.9992  0.98105730  7914

1 54222U 22144D   25161.20310063 -.00000010  00000-0  00000-0 0  9990
2 54222   4.7827  65.7473 0003183 223.4235 136.2438  0.98852632  7976

1 55246U 22144G   25161.87570278  .00000092  00000-0  00000-0 0  9995
2 55246   4.4682  66.6012 0008793 310.0377 265.9290  0.99051794  7988

1 55247U 22144H   25158.80806795  .00000072  00000-0  00000-0 0  9999
2 55247   4.4611  66.6044 0007891 316.7268 238.9121  0.99049703  8000

1 55842U 23031B   25161.09993644 -.00000258  00000-0  00000-0 0  9998
2 55842   1.8598  83.7934 0068683   1.0336 358.1771  0.98964192  8092

1 57100U 23089B   25161.21358814 -.00000045  00000-0  00000-0 0  9992
2 57100   2.6562 209.5304 0174068  43.0538 318.8615  0.96425758  3863

1 57770U 23098C   25166.58879352 -.00002666  00000-0  00000-0 0  9996
2 57770  33.9092   3.2131 4182190 295.7623 357.1016  0.08327353   434

1 59228U 24048A   25160.28383450 -.00008791  00000-0  00000-0 0  9997
2 59228  27.4215 357.8042 2845831 108.4651 113.0739  0.04069923    23

1 59479U 24069A   25161.25563559  .00000001  00000-0  00000-0 0  9991
2 59479   1.1504  85.6340 0050166 122.6535 236.5054  0.98605465  4142

1 59989U 78113E   25161.81577808 -.00000204  00000-0  00000-0 0  9996
2 59989   8.9922 305.1922 0170188  77.3950 284.5574  0.98455427 41565

1 59990U 78113F   25136.35742069 -.00000083  00000-0  00000-0 0  9997
2 59990   9.2796 305.4370 0154941 116.3221 143.7296  0.98217283 41196

1 60001U 69046G   25150.65809151 -.00000700  00000-0  00000-0 0  9998
2 60001  16.2124  33.3965 8087642 264.4668 358.5730  0.46167301 19699

1 60002U 70027D   25160.96425791 -.00000688  00000-0  00000-0 0  9994
2 60002  17.8201  37.6914 7960191 275.6951 359.1304  0.45906766 19319

1 60326U 24048E   25162.64872442 -.00000119  00000-0  90517-4 0  9996
2 60326  23.1338 339.0178 9003303 190.0283   0.0800  0.47319132  1987

1 62455U 24252B   25160.67895002 -.00000134  00000-0  00000-0 0  9997
2 62455   0.8267 315.8306 2408276 238.7973  60.0715  0.81147970  1446

1 62456U 24252C   25160.51690437 -.00000114  00000-0  00000-0 0  9994
2 62456   0.6430 316.1451 2380641 230.8715 138.9017  0.86725953  1464

1 62457U 24252D   25157.26433661 -.00000175  00000-0  00000-0 0  9994
2 62457   0.4327 329.5509 2376954 221.0859  96.8405  0.75017875  1449

1 62719U 25010D   25151.76993153 -.00009842  00000-0  00000-0 0  9994
2 62719  10.3310  32.4362 5644405   9.5432   2.6761  0.03736077    78

1 62852U 25021A   25158.47389602 -.00000156  00000-0  00000-0 0  9996
2 62852   1.1483 333.0884 2315959 204.5655  45.0140  0.85096213  1214

1 63299U 25045C   25161.24217887 -.00000089  00000-0  00000-0 0  9997
2 63299   0.2491  93.5110 0018921  52.0296 214.5904  0.98875596   935

1 63629U 25073C   25161.64262285  .00000072  00000-0  00000-0 0  9992
2 63629   0.1184  75.0157 0011124  84.9706 200.0655  0.98859751   550

1 64094U 25097C   25162.08585440 -.00000054  00000-0  00000+0 0  9995
2 64094   3.9479 312.9106 0015064 217.5568 142.4636  0.98838116   256

1 83903U          25161.55226503 -.00000291 +00000+0 +00000+0 0  9997
2 83903   6.6378 292.2758 0124209 244.8267  75.4761  0.99117800 41821

1 96058U 96558A   24064.37172747 0.00000000  00000-0  00000-0 0    08
2 96058  11.6347 309.8634 0031740  52.5322 307.7780  0.94325817    00

