634
1 00634U 63031A   25184.92407565 -.00000188  00000-0  00000-0 0  9992
2 00634  30.7303 305.3673 0008877 196.1900 199.2783  1.00276945226872

858
1 00858U 64047A   25178.19524203 -.00000134  00000-0  00000-0 0  9990
2 00858   6.0967  68.1098 0003383 136.1814 125.1906  1.00313659 49908

1317
1 01317U 65028A   25184.05688811 -.00000276  00000-0  00000-0 0  9996
2 01317   6.3049  67.2504 0006538 128.3646  58.6857  1.00270549123678

2608
1 02608U 66110A   25184.93091635  .00000151  00000-0  00000-0 0  9993
2 02608   4.0994  73.1950 0005775 172.3925  52.0294  1.00378557131308

2639
1  2639U 67001A   25185.13945884  .00000080  00000-0  00000+0 0  9994
2  2639   2.3581  80.9175 0005426 186.1795  77.2255  1.00208670115778

4353
1 04353U 70021A   25184.61583421 -.00000051  00000-0  00000-0 0  9992
2 04353   1.2510 285.6889 0002298 266.0471 202.9019  1.00265428122274

4376
1 04376U 70032A   25184.43354250  .00000130  00000-0  00000-0 0  9992
2 04376   1.5296  96.1633 0001665 221.8387 137.4436  1.00328986 43868

4902
1 04902U 71009A   25184.61644237 -.00000070  00000-0  00000-0 0  9993
2 04902   2.0238 260.4079 0004078 222.9281 274.8916  1.00272032115141

5587
1 05587U 71095A   25184.61609485 -.00000060  00000-0  00000-0 0  9993
2 05587   2.4796 264.0733 0003908 335.5576 156.6602  1.00283450118520

5588
1  5588U 71095B   25184.87920212 -.00000263  00000-0  00000+0 0  9990
2  5588   2.4441 265.1270 0002193  83.3878  29.3310  1.00313654195194

7392
1 07392U 74060A   25184.93135076  .00000160  00000-0  00000-0 0  9999
2 07392   2.2603 262.2878 0009234 259.1896 138.2788  1.00289594130682

7547
1 07547U 74094A   25184.92344597  .00000034  00000-0  00000-0 0  9997
2 07547   4.4490 283.9085 0003820 200.0685 133.1927  1.00289912121265

8366
1  8366U 75100A   25184.23933586 -.00000187  00000-0  00000+0 0  9991
2  8366   5.4968 281.7760 0002908 319.6723  40.7451  1.00245144181718

8513
1  8513U 75123A   25185.15327284 -.00000140  00000-0  00000+0 0  9993
2  8513   3.7024 272.3003 0005567 264.4619 242.5725  1.00291378191455

10294
1 10294U 77080A   25184.86637438 -.00000078  00000-0  00000-0 0  9999
2 10294   8.0034 301.8535 0007770 157.7021 209.4473  1.00273747114435

11343
1 11343U 79035A   25184.86454988  .00000020  00000-0  00000-0 0  9990
2 11343   6.1658 286.2435 0004924 212.8087 159.7648  1.00261028125869

11440
1 11440U 79062A   25184.92296939 -.00000195  00000-0  00000-0 0  9999
2 11440   6.5962 289.4311 0003470 326.5547  85.8681  1.00291976134531

11708
1 11708U 80016A   25184.80109122 -.00000322  00000-0  00000-0 0  9993
2 11708   6.5733 290.0625 0001915 279.8388 106.3129  1.00293990118676

12120
1 12120U 80104A   25184.80200660 -.00000239  00000-0  00000-0 0  9996
2 12120   7.0803 293.8324 0005170  82.3830 288.0989  1.00241654123928

12309
1 12309U 81018A   25184.86364836 -.00000138  00000-0  00000-0 0  9990
2 12309   9.3725 313.5148 0003233 104.6983 255.4096  1.00270020163957

12472
1 12472U 81049A   25185.45627892 -.00000266  00000-0  00000+0 0  9996
2 12472   9.9820 317.9459 0001859 286.3628 134.0634  1.00292615119471

12564
1 12564U 81061A   25184.93578166  .00000007  00000-0  00000-0 0  9996
2 12564   7.3515 296.0992 0003510  63.4642 324.5655  1.00324527126027

12618
1 12618U 81069A   25184.80805576 -.00000303  00000-0  00000-0 0  9998
2 12618   7.4126 296.5627 0002650 186.0316 190.7782  1.00333799 43854

12897
1 12897U 81102A   25184.86602685 -.00000054  00000-0  00000-0 0  9990
2 12897   7.5194 297.7689 0004075 227.9638 141.4126  1.00247892113856

13177
1 13177U 82044A   25184.86507117 -.00000013  00000-0  00000-0 0  9997
2 13177   9.0942 300.5851 0009033 126.5992 234.5871  1.00266082130128

13624
1 13624U 82103A   25184.38447662 -.00000011  00000-0  00000-0 0  9993
2 13624   8.0981 304.4095 0001408 321.3493  40.3514  1.00164688117456

13631
1 13631U 82105A   25184.90206109 -.00000101  00000-0  00000-0 0  9990
2 13631  12.4943 334.8931 0003865  85.8970  80.4702  1.00270935122888

13974
1 13974U 83028A   25184.91914090 -.00000176  00000-0  00000-0 0  9993
2 13974   8.9168 308.7684 0000470  95.9198 293.0789  1.00277619165896

14050
1 14050U 83041A   25184.83991402 -.00000251  00000-0  00000-0 0  9991
2 14050  10.7468 323.4916 0002676 206.7623 339.0597  1.00263968212526

14134
1 14134U 83059C   25184.76279741 -.00000294  00000-0  00000-0 0  9997
2 14134  12.0293 331.8443 0003625 131.7075 234.0586  1.00203366117309

14318
1 14318U 83089B   25184.80534836 -.00000352  00000-0  00000-0 0  9993
2 14318  11.6462 329.3489 0011518 222.0637 147.7424  1.00303438121729

14377
1 14377U 83100A   25184.93003097  .00000116  00000-0  00000-0 0  9993
2 14377   8.5058 306.9814 0001419 293.3739  66.7033  1.00296836 43885

14725
1 14725U 84016A   25184.86489741 -.00000005  00000-0  00000-0 0  9991
2 14725   9.2451 313.0938 0003517 168.3600 179.0370  1.00252618114603

14783
1 14783U 84022A   25184.86593997 -.00000056  00000-0  00000-0 0  9997
2 14783  10.0555 307.5133 0006826 272.5277  86.3611  1.00260852117522

14940
1 14940U 84041A   25185.00470905  .00000099  00000-0  00000+0 0  9998
2 14940   9.4068 314.5890 0005171 266.8698 115.2990  1.00272630118532

15057
1 15057U 84063A   25184.80465331 -.00000350  00000-0  00000-0 0  9998
2 15057   9.3993 314.0923 0004148 200.2534 181.1039  1.00312129137618

15144
1 15144U 84078A   25185.16252416 -.00000275  00000-0  00000+0 0  9994
2 15144   9.5348 315.6169 0001799 311.9821  12.0651  1.00196238151123

15484
1 15484U 85007A   25184.63564949 -.00000075  00000-0  00000-0 0  9991
2 15484   9.7834 317.7712 0003670 221.8905 322.3148  1.00260532149136

15677
1 15677U 85035A   25184.97348775 -.00000110  00000-0  00000+0 0  9999
2 15677  14.4528 351.3621 0007212 133.9694  42.0492  1.00273073121749

15678
1 15678U 85035B   25184.60523479  .00000122  00000-0  00000-0 0  9999
2 15678  10.6969 323.1920 0001045 193.4242 181.0615  1.00332489133521

15946
1 15946U 85070A   25184.97157639 -.00000016  00000-0  00000+0 0  9999
2 15946  10.0214 319.0522 0001720 247.1327 311.4260  1.00164822118723

15994
1 15994U 85076C   25185.50739248  .00000014  00000-0  00000+0 0  9997
2 15994  14.0226 345.9324 0004662 125.7578 229.1378  1.00250278114528

16199
1 16199U 85102A   25184.93517350  .00000037  00000-0  00000-0 0  9995
2 16199  10.2947 321.0634 0005987 210.9750 148.4159  1.00239751148174

16526
1 16526U 86010A   25184.91271336 -.00000141  00000-0  00000+0 0  9993
2 16526  11.1341 325.8387 0002348 250.7575 112.6897  1.00334766151952

16769
1 16769U 86044A   25184.64415034  .00000141  00000-0  00000-0 0  9994
2 16769  10.6048 323.3584 0003069 286.9650 303.0437  1.00277361143760

18384
1 18384U 87084A   25184.73735347 -.00000255  00000-0  00000-0 0  9993
2 18384  11.2893 328.3321 0002915 205.1961 157.8829  1.00275454138205

18443
1 18443U 87091A   25184.70288336 -.00000216  00000-0  00000-0 0  9992
2 18443  11.2518 327.8095 0002193  40.1600 137.4755  1.00303500117328

18631
1 18631U 87100A   25185.60586318  .00000120  00000-0  00000+0 0  9995
2 18631  11.8030 327.7259 0001604 201.4917 176.0673  1.00258074137596

18922
1 18922U 88014A   25184.63809449 -.00000019  00000-0  00000-0 0  9997
2 18922  13.5447 342.2093 0006469 163.9448  71.5105  1.00247828136619

19330
1 19330U 88063A   25184.91528118 -.00000176  00000-0  00000-0 0  9991
2 19330  11.7905 330.1101 0010330 147.6581 216.0264  1.00312994116850

19344
1 19344U 88066A   25184.93717175 -.00000070  00000-0  00000-0 0  9997
2 19344  11.9029 332.0147 0005798 150.6802 208.5359  1.00281847135514

19483
1 19483U 88081A   25184.90206109 -.00000099  00000-0  00000-0 0  9996
2 19483  11.6802 321.0598 0007906 194.3239 346.3799  1.00272323131103

19596
1 19596U 88095A   25185.51084791 -.00000318  00000-0  00000+0 0  9998
2 19596  11.9826 332.4541 0006827 182.8963  86.2121  1.00285090118219

19710
1 19710U 88111A   25184.87372865 -.00000368  00000-0  00000-0 0  9991
2 19710  14.2369 348.1749 0006345 168.4000 191.7923  1.00279828127344

20253
1 20253U 89077A   25185.50051770 -.00000362  00000-0  00000+0 0  9990
2 20253  12.5184 353.2454 0003607  88.8335 146.6388  1.00270778257116

20263
1 20263U 89081A   25184.87123968 -.00000317  00000-0  00000-0 0  9995
2 20263  12.4598 335.8534 0005101 254.0201 104.9483  1.00335995 43849

20367
1 20367U 89098A   25184.50396797  .00000104  00000-0  00000-0 0  9993
2 20367  12.8809 336.2746 0002534 250.5277 283.3330  1.00298597129477

20473
1 20473U 90011A   25184.66347712  .00000075  00000-0  00000-0 0  9995
2 20473  14.3269 349.0481 0004938 154.2762  69.3784  1.00279251129548

20499
1 20499U 90016A   25185.27337654 -.00000239  00000-0  00000+0 0  9992
2 20499  12.6856 337.1013 0005398 194.2174 177.4215  1.00287387129460

20659
1 20659U 90054A   25184.63398535 -.00000001  00000-0  00000-0 0  9994
2 20659  13.0206 338.5214 0006754 220.3551  15.7529  1.00229004128190

20776
1 20776U 90079A   25185.64311517  .00000131  00000-0  00000+0 0  9990
2 20776  13.4504 352.1788 0002947 107.2509  88.3678  1.00274172127454

20923
1 20923U 90094A   25184.79626576 -.00000279  00000-0  00000-0 0  9995
2 20923  13.0686 339.2420 0006550 244.9581 125.7625  1.00303264126965

20953
1 20953U 90102A   25184.63871435 -.00000016  00000-0  00000-0 0  9996
2 20953  13.0504 339.6991 0002814 336.7366 257.9937  1.00388092126870

21016
1 21016U 90112A   25184.87080528 -.00000296  00000-0  00000-0 0  9999
2 21016  13.1482 340.3513 0004716 127.1572 225.0760  1.00272802126769

21038
1 21038U 90116A   25184.91309758 -.00000168  00000-0  00000-0 0  9999
2 21038  13.1907 340.3938 0005910 140.3936 210.5085  1.00329352 43843

21111
1 21111U 91010A   25184.93717175 -.00000073  00000-0  00000-0 0  9998
2 21111  13.4775 345.2083 0006601 179.9180 165.7783  1.00281666125946

21132
1 21132U 91014A   25184.70363174  .00000089  00000-0  00000-0 0  9992
2 21132  13.6657 339.4903 0001528 167.8779  45.6165  1.00279219125816

21639
1 21639U 91054B   25185.17524103  .00000087  00000-0  00000+0 0  9998
2 21639  14.1007 356.3363 0008663 244.9042 296.8865  1.00266378124210

21702
1 21702U 91064A   25185.29357480 -.00000289  00000-0  00000+0 0  9990
2 21702  13.4106 341.7675 0002658 218.8830 143.2709  1.00204530123842

21789
1 21789U 91079A   25184.70714050 -.00000089  00000-0  00000-0 0  9995
2 21789  13.5209 342.8842 0001670  32.2626 153.1907  1.00262301 43867

22112
1 22112U 92059A   25184.77514645 -.00000203  00000-0  00000-0 0  9998
2 22112  13.8210 345.2025 0008819 328.1487 222.8747  1.00285760120122

22210
1 22210U 92074A   25184.91331291 -.00000172  00000-0  00000-0 0  9999
2 22210  13.8927 346.8377 0005869 182.9825 164.2822  1.00220636 43877

22269
1 22269U 92088A   25184.70635858 -.00000120  00000-0  00000-0 0  9994
2 22269  13.7863 350.4620 0005766 242.8197 290.7381  1.00268051118595

22557
1 22557U 93013A   25184.70388086  .00000067  00000-0  00000-0 0  9990
2 22557  14.0304 347.7026 0005424 164.3485  36.7691  1.00298165118183

22787
1 22787U 93056A   25184.74029649  .00000128  00000-0  00000-0 0  9991
2 22787  11.7749   5.4178 0000660 315.4262 256.2914  1.00274079115058

22836
1 22836U 93062A   25184.68987552 -.00000070  00000-0  00000-0 0  9999
2 22836  14.1742 349.7259 0003421 304.9758 306.3389  1.00282218 42504

22911
1 22911U 93073A   25185.04406587 -.00000088  00000-0  00000+0 0  9998
2 22911  14.2750   4.9955 0005768 212.4547 331.9473  1.00269206114427

22981
1 22981U 94008A   25184.57921281  .00000054  00000-0  00000-0 0  9997
2 22981  14.3084 350.8254 0002581 169.7717  26.1777  1.00232741114988

22988
1 22988U 94009A   25184.98138449 -.00000200  00000-0  00000+0 0  9999
2 22988  17.0968  31.4343 0001291  57.8058  96.3102  1.00271693 28152

23010
1 23010U 94012A   25184.79023387 -.00000335  00000-0  00000-0 0  9993
2 23010  14.2772 350.8325 0003256 153.2200 164.6897  1.00302314114850

23108
1 23108U 94030A   25184.77653653 -.00000155  00000-0  00000-0 0  9994
2 23108  14.2026 350.7808 0003892 252.6359 301.4389  1.00259379113960

23132
1 23132U 94035A   25184.72456075  .00000035  00000-0  00000-0 0  9996
2 23132  12.2112   7.7705 0001568 189.3918 354.9968  1.00229803128209

23267
1 23267U 94060A   25184.77575461 -.00000184  00000-0  00000-0 0  9995
2 23267  14.2668 352.2415 0007188 206.3808 340.8719  1.00294497112701

23322
1 23322U 94067D   25184.70635858 -.00000123  00000-0  00000-0 0  9997
2 23322  14.0636 347.4790 0008490 141.9927  34.2571  1.00262351112514

23327
1 23327U 94069A   25184.65097519 -.00000054  00000-0  00000-0 0  9997
2 23327  14.5982 351.9638 0007867 244.9963 348.6024  1.00263184112374

23426
1 23426U 94082A   25184.26878275 -.00000187  00000-0  00000-0 0  9992
2 23426  14.7769 357.3072 0006739 181.8938 178.1101  1.00254491111764

23448
1 23448U 94087A   25184.68987578 -.00000073  00000-0  00000-0 0  9998
2 23448  14.4002 353.5896 0007353 243.1472   4.6099  1.00279733129387

23467
1 23467U 95003A   25185.52618076 -.00000016  00000-0  00000+0 0  9992
2 23467   9.6785  14.3186 0003166  99.6624 170.5015  1.00270545111460

23653
1 23653U 95045A   25184.80838918 -.00000276  00000-0  00000-0 0  9993
2 23653  14.4147 355.3506 0005998 228.1765 131.9172  1.00293250109298

23670
1 23670U 95049A   25185.41472705 -.00000026  00000-0  00000+0 0  9994
2 23670  13.3089  15.2126 0001482  36.9014 261.2550  1.00289046109055

23680
1 23680U 95054A   25184.58514579 -.00000129  00000-0  00000-0 0  9999
2 23680  14.9830   1.9986 0008428 137.9889  69.4132  1.00276991108858

23712
1 23712U 95060A   25185.41461613 -.00000017  00000-0  00000+0 0  9990
2 23712  13.9439   6.2940 0002353  81.7902 223.8191  1.00272240 28157

23741
1 23741U 95069A   25185.40835899  .00000019  00000-0  00000+0 0  9992
2 23741  12.9536  18.7594 0005395 102.7844 183.4736  1.00229819108325

23949
1 23949U 96040B   25184.78339882  .00000091  00000-0  00000-0 0  9994
2 23949  11.5201  32.8185 0006226 145.0541  42.7336  1.00283233106185

23967
1 23967U 96042A   25184.28377917 -.00000198  00000-0  00000-0 0  9991
2 23967  10.7797  18.8890 0007483 108.3943 231.6927  1.00287844105981

24435
1 24435U 96058A   25184.81334264  .00000100  00000-0  00000-0 0  9998
2 24435  14.6006 357.0103 0007853  10.3000 254.6477  1.00261865105317

24936
1 24936U 97050A   25185.45226051 -.00000254  00000-0  00000+0 0  9992
2 24936   7.2925  68.0283 0002908  31.7762 273.6980  1.00272226101967

25019
1 25019U 97065A   25185.41751666 -.00000060  00000-0  00000+0 0  9997
2 25019  12.3670  24.2481 0001918 359.6396 296.7615  1.00276865 28112

25045
1 25045U 97070A   25184.03796194 -.00000003  00000-0  00000-0 0  9992
2 25045  14.5806 357.2855 0002636 283.0030  76.9740  1.00300043101141

25050
1 25050U 97071B   25184.67085473 -.00000148  00000-0  00000-0 0  9990
2 25050  12.5589  22.5606 0000097 354.2857 228.2603  1.00183653101300

25153
1 25153U 98006B   25185.17688306 -.00000285  00000-0  00000+0 0  9994
2 25153   8.9114  56.6383 0004520  47.9264 187.5420  1.00273311100393

25258
1 25258U 98016A   25184.67776245 -.00000349  00000-0  00000-0 0  9997
2 25258  10.7070  24.7825 0003137 240.8768   4.6383  1.00381512100361

25315
1 25315U 98025A   25184.59388012 -.00000077  00000-0  00000-0 0  9991
2 25315  13.8334   6.3557 0008434 156.9594  44.2261  1.00261012 99510

25639
1 25639U 99009B   25184.70861747 -.00000032  00000-0  00000-0 0  9998
2 25639  11.8540  11.0096 0002570 100.8428  63.9633  1.00273647 47685

25642
1 25642U 99010A   25185.00879243 -.00000106  00000-0  00000+0 0  9999
2 25642  15.5468   4.5282 0004700 249.8669 103.7227  1.00355767 96489

25924
1 25924U 99053A   25185.48239331 -.00000105  00000-0  00000+0 0  9998
2 25924   0.0176 301.3560 0003328 166.5019 147.5606  1.00272200 94343

25967
1 25967U 99063A   25184.91836833 -.00000184  00000-0  00000+0 0  9990
2 25967   9.7198  28.9685 0001674 122.6257  78.2766  1.00272134 93846

26107
1 26107U 00016A   25185.65749172 -.00000327  00000-0  00000+0 0  9997
2 26107   8.3137  61.7918 0005049  60.6932 142.1301  1.00274089 92662

26356
1 26356U 00024A   25184.74734472  .00000097  00000-0  00000-0 0  9992
2 26356  12.9056  14.2713 0001679 254.1036 117.5323  1.00265423 29421

26372
1 26372U 00029A   25185.51578365 -.00000258  00000-0  00000+0 0  9997
2 26372  13.7001   9.3197 0002727 195.1543  49.1337  1.00261120 91931

26394
1 26394U 00036A   25184.62723760 -.00000154  00000-0  00000-0 0  9997
2 26394  13.8001  10.0608 0004140 154.1999  63.3570  1.00270473 91548

26477
1 26477U 00049A   25184.62723757 -.00000166  00000-0  00000-0 0  9992
2 26477  13.7687  10.6270 0002556 101.3177 115.2857  1.00340108 90920

26554
1 26554U 00059A   25185.51641873  .00000038  00000-0  00000+0 0  9992
2 26554   1.2264  85.6740 0003091  12.5924 186.3955  1.00272217 90687

26575
1 26575U 00065A   25184.94959565 -.00000321  00000-0  00000+0 0  9994
2 26575  11.0203  38.1986 0001609  34.6773 325.5194  1.00275772 28128

26580
1 26580U 00067A   25185.11028348  .00000101  00000-0  00000+0 0  9993
2 26580   0.0487  65.5715 0003678  37.3480  84.0937  1.00270791 90490

26766
1 26766U 01019A   25185.64993314 -.00000001  00000-0  00000+0 0  9999
2 26766   8.2404  62.7998 0003019  22.0368 138.1221  1.00271274 88448

26880
1 26880U 01033A   25185.41286152 -.00000294  00000-0  00000+0 0  9996
2 26880  12.4561  18.8214 0000957 208.9626 154.4085  1.00269684 28130

26892
1 26892U 01037A   25185.14562735  .00000113  00000-0  00000+0 0  9996
2 26892  12.9629  16.7615 0005618 215.3511 145.7564  1.00361154 87381

26900
1 26900U 01039A   25183.67680010 -.00000278  00000-0  00000-0 0  9995
2 26900   5.2316  76.0766 0004202  25.2989  13.1424  1.00272497 87193

26948
1 26948U 01046A   24121.83638540 0.00000000  00000-0  00000-0 0    00
2 26948  12.9159  33.2875 0003624 194.0815 165.9197  1.00270000    07

27380
1 27380U 02007A   25185.48856902 -.00000195  00000-0  00000+0 0  9997
2 27380   6.0477  73.3691 0002305  32.6161 325.1347  1.00272720 85597

27426
1 27426U 02023A   25185.41807225 -.00000046  00000-0  00000+0 0  9998
2 27426   3.9869  79.6985 0003441  29.6437 213.7060  1.00272381 84819

27438
1 27438U 02027A   25185.39826459  .00000104  00000-0  00000+0 0  9996
2 27438   5.8764  74.0065 0002584  26.0112 188.7731  1.00272830 84470

27445
1 27445U 02030A   25184.83271569 -.00000142  00000-0  00000+0 0  9995
2 27445   2.8361  82.3873 0003253  44.5046   0.1319  1.00271919 84456

27513
1 27513U 02041A   25185.22118844  .00000023  00000-0  00000+0 0  9990
2 27513   4.9162  77.2404 0003777  18.5689 330.4310  1.00272312 83482

27566
1 27566U 02055A   25185.48422499 -.00000284  00000-0  00000+0 0  9995
2 27566   9.4113  45.8012 0002865 161.8007 200.2836  1.00271291 82745

27632
1 27632U 02062A   25184.68715801 -.00000063  00000-0  00000-0 0  9996
2 27632   8.6344  60.5022 0005584  36.4959 323.1153  1.00272837 40686

27691
1 27691U 03008A   25185.41168444  .00000009  00000-0  00000+0 0  9997
2 27691  10.2667  46.4339 0002121 315.5840 307.2233  1.00273389 28137

27718
1 27718U 03014A   25185.63963030 -.00000211  00000-0  00000+0 0  9998
2 27718   3.8135  80.1619 0002193  38.0488 182.4791  1.00270618 81431

27811
1 27811U 03020A   25185.03030667 -.00000076  00000-0  00000+0 0  9993
2 27811   6.4851  72.0531 0003653  52.0459 159.0705  1.00272600 80840

27825
1 27825U 03026A   25185.14580111  .00000132  00000-0  00000+0 0  9992
2 27825   8.2881  33.2862 0006238   1.6200 343.9805  1.00271599 80852

27831
1 27831U 03028B   25184.73169993 -.00000145  00000-0  00000-0 0  9992
2 27831   6.0139  73.6475 0005581  23.6410 243.7753  1.00270386 49561

27875
1 27875U 03040A   25184.78496266  .00000131  00000-0  00000-0 0  9999
2 27875   9.7570  51.1613 0001716  36.2744 141.2542  1.00273644 29497

27954
1 27954U 03044A   25184.75038553  .00000144  00000-0  00000-0 0  9993
2 27954   0.5165  89.3344 0001997   0.8394 311.9684  1.00270732 43075

28089
1 28089U 03053A   25185.54083509 -.00000071  00000-0  00000+0 0  9991
2 28089   5.4637  75.1875 0003291  44.3048 161.4655  1.00271755 79197

28094
1 28094U 03053B   25184.77724832  .00000004  00000-0  00000-0 0  9998
2 28094   8.8090  59.0771 0003154  85.5496 123.0301  1.00238232 81380

28117
1 28117U 03057A   25185.14350346 -.00000099  00000-0  00000+0 0  9999
2 28117   8.5848  35.4024 0002326  83.9187 290.3864  1.00271718 78937

28184
1 28184U 04007A   25185.22058027  .00000048  00000-0  00000+0 0  9992
2 28184   5.1584  76.2697 0005083  33.5294 313.0820  1.00274087 78097

28187
1 28187U 04008A   25185.49975391  .00000113  00000-0  00000+0 0  9990
2 28187   4.9449  76.1858 0001580  28.9727 218.2716  1.00273571 78088

28194
1 28194U 04010A   25185.49761185 -.00000356  00000-0  00000+0 0  9995
2 28194  13.2723  23.4964 0004102 211.0428 355.2234  1.00248814 77913

28252
1 28252U 04017A   25185.51295019 -.00000036  00000-0  00000+0 0  9993
2 28252   0.0210 333.2857 0003158 130.1726 252.8740  1.00272154 77219

28358
1 28358U 04022A   25185.42224461  .00000003  00000-0  00000+0 0  9992
2 28358   0.0239 286.2501 0000734 187.0498 320.4034  1.00270071 77140

28378
1 28378U 04027A   25185.04371834 -.00000039  00000-0  00000+0 0  9994
2 28378   2.3904  84.0582 0005181   3.3965  99.5079  1.00272827 76861

28446
1 28446U 04041A   25185.62220862 -.00000074  00000-0  00000+0 0  9993
2 28446   0.0144   3.7310 0002581  89.3591 308.7236  1.00272429 75862

28526
1 28526U 05003A   25185.48657076 -.00000242  00000-0  00000+0 0  9993
2 28526   5.5795  74.6768 0003030  22.5562 323.2158  1.00273020 74833

28542
1 28542U 05005A   25184.36168205  .00000159  00000-0  00000-0 0  9997
2 28542   3.4338  81.0797 0005177  17.0223 342.7268  1.00272692 74698

28626
1 28626U 05008A   25185.11868019 -.00000186  00000-0  00000+0 0  9997
2 28626   0.0396 164.6821 0000784 342.8494  91.2137  1.00270175 74574

28628
1 28628U 05009A   25184.82840608  .00000041  00000-0  00000+0 0  9990
2 28628   4.7143  42.3195 0002028  65.0044 291.0784  1.00272871 74170

28659
1 28659U 05019A   25185.55322598  .00000015  00000-0  00000+0 0  9990
2 28659   0.0243  27.0329 0003217  80.1564 255.7292  1.00270549 73708

28702
1 28702U 05022A   25184.90536253 -.00000176  00000-0  00000-0 0  9996
2 28702   2.4003  83.3321 0002650  28.8279  47.2363  1.00271396 48498

28786
1 28786U 05028A   25185.68447670 -.00000348  00000-0  00000+0 0  9994
2 28786   0.0228  17.7622 0002555  82.3840 188.6957  1.00268787 72846

28868
1 28868U 05036A   25185.42130376 -.00000063  00000-0  00000+0 0  9992
2 28868   3.4194  80.9503 0003731  13.9829 232.0996  1.00271507 72672

28885
1 28885U 05041B   25185.04141931  .00000140  00000-0  00000+0 0  9999
2 28885   3.7540  80.2157 0002730  22.7185 216.0844  1.00268509 72254

28899
1 28899U 05044A   25185.52243866 -.00000250  00000-0  00000+0 0  9993
2 28899   4.6437  43.5269 0002097  61.1830 149.6300  1.00272027 72012

28912
1 28912U 05049B   25184.78919606  .00000130  00000-0  00000-0 0  9990
2 28912   8.5646  57.5037 0001636 351.0409 203.4139  1.00266709  3510

28924
1 28924U 05052A   25185.51641873  .00000020  00000-0  00000+0 0  9994
2 28924   3.3364  80.8834 0006272  23.4668 178.3358  1.00269501 71493

28935
1 28935U 06003A   25185.11523505 -.00000042  00000-0  00000+0 0  9995
2 28935   0.0341 302.4201 0002168 117.6962 153.5387  1.00272170 71020

28945
1 28945U 06007A   25184.30126169 -.00000206  00000-0  00000-0 0  9998
2 28945   0.0606 250.2681 0003304 241.9232 227.8295  1.00271353 70722

29045
1 29045U 06010A   25184.58196116 -.00000317  00000-0  00000-0 0  9996
2 29045   0.2074  89.2838 0002291  27.2615 146.8455  1.00271345 70272

29055
1 29055U 06012A   25184.85532132  .00000132  00000-0  00000+0 0  9994
2 29055   0.0536 289.3308 0001324 240.3711  79.5039  1.00269148 70256

29236
1 29236U 06023A   25185.47440750 -.00000113  00000-0  00000+0 0  9990
2 29236   0.0422 216.4814 0002876 253.2907 244.7276  1.00271780 69787

29270
1 29270U 06032A   25184.92952627  .00000167  00000-0  00000-0 0  9997
2 29270   0.7607  86.1036 0004342  12.4689 191.3194  1.00273303 69360

29272
1 29272U 06033A   25185.01973936 -.00000332  00000-0  00000+0 0  9991
2 29272   0.0141 348.1687 0001949 108.3588 320.8588  1.00273633 69276

29273
1 29273U 06033B   25184.92353285  .00000032  00000-0  00000-0 0  9997
2 29273   2.0072  84.5972 0003122   9.2785 164.0133  1.00272202 69188

29349
1 29349U 06034A   25184.87398929 -.00000346  00000-0  00000+0 0  9998
2 29349   0.8826  88.0795 0001627  57.0715 204.6644  1.00273101 69142

29494
1 29494U 06043A   25185.47397310 -.00000101  00000-0  00000+0 0  9998
2 29494   1.5220  85.2552 0003099  20.1218 246.7729  1.00272431 68621

29495
1 29495U 06043B   25184.88172164 -.00000172  00000-0  00000+0 0  9999
2 29495   2.1354  84.0917 0003900  17.3174 290.1774  1.00272469 68656

29526
1 29526U 06051A   25184.92813619  .00000157  00000-0  00000-0 0  9998
2 29526   1.1046  84.8624 0002190   0.0412 197.6588  1.00269010 47777

29643
1 29643U 06054A   25185.11506128 -.00000038  00000-0  00000+0 0  9995
2 29643   1.9035  85.0678 0001583   3.0107 124.5181  1.00272808 68055

30794
1 30794U 07007B   25185.15579236 -.00000262  00000-0  00000+0 0  9996
2 30794   4.4120  77.9896 0003304  24.4539 331.2504  1.00273453 67162

31102
1 31102U 07009A   25185.55322598  .00000013  00000-0  00000+0 0  9996
2 31102   0.2970  88.4865 0002111  28.7058 246.0369  1.00271941 66851

31306
1 31306U 07016A   25185.13378383  .00000133  00000-0  00000+0 0  9990
2 31306   0.4225  81.8728 0002983  18.1616 249.9072  1.00270908 66559

31307
1 31307U 07016B   25185.44192785 -.00000194  00000-0  00000+0 0  9993
2 31307   2.0904  84.4117 0002954  47.4110 224.9483  1.00271565 66598

31395
1 31395U 07018A   25184.58187356 -.00000193  00000-0  00000+0 0  9993
2 31395  11.2945  35.5672 0007476 100.3791  78.6744  1.00343460 66557

31800
1 31800U 07031A   25185.65925598 -.00000345  00000-0  00000+0 0  9995
2 31800   1.4986  85.8928 0001873  22.7832 164.9767  1.00270725 65987

31862
1 31862U 07032A   25185.47362558 -.00000088  00000-0  00000+0 0  9999
2 31862   0.0382 202.9167 0000171  20.6695 126.8384  1.00268176 65913

32252
1 32252U 07044A   25185.09759896 -.00000089  00000-0  00000+0 0  9990
2 32252   1.1725  86.5515 0002759  17.3124  14.4924  1.00276710 64955

32258
1 32258U 07046A   25185.04697722 -.00000254  00000-0  00000+0 0  9996
2 32258   0.0565  89.2994 0001412 106.4503  60.9690  1.00272189 64826

32287
1 32287U 07054A   25093.52343140 0.00000000  00000-0  00000-0 0    02
2 32287   9.9116  52.0518 0006031 173.3270 186.6931  1.00340964    05

32294
1 32294U 07056B   25185.49899465  .00000151  00000-0  00000+0 0  9999
2 32294   4.3658  77.6960 0003427  20.9959  28.8214  1.00272813 64709

32299
1 32299U 07057A   25185.17961373  .00000046  00000-0  00000+0 0  9991
2 32299   0.0147 341.5123 0002995 114.1170 256.2746  1.00274053 64473

32388
1 32388U 07063B   25185.12246220 -.00000242  00000-0  00000+0 0  9998
2 32388   1.7025  85.0563 0002202  30.3107 137.2958  1.00272673 64382

32404
1 32404U 08001A   25185.01383149 -.00000294  00000-0  00000+0 0  9997
2 32404   5.4168  34.8943 0002376  59.6015 291.2477  1.00273265 64046

32487
1 32487U 08006A   25184.85141170  .00000003  00000-0  00000-0 0  9998
2 32487   0.0112  12.1899 0002607  92.6250 123.0473  1.00271004 63823

32500
1 32500U 08007A   25184.92158291 -.00000049  00000-0  00000-0 0  9996
2 32500   7.6868  66.0431 0002758  73.2034 108.7727  1.00265038 63408

32729
1 32729U 08013A   25184.61870126 -.00000114  00000-0  00000-0 0  9993
2 32729   0.0004 191.1739 0000613  79.5784 134.6597  1.00273888 42097

32763
1 32763U 08016A   25184.61896190 -.00000165  00000-0  00000-0 0  9999
2 32763   5.4617  36.8735 0002482  50.2347 324.7380  1.00272235 63058

32767
1 32767U 08018A   25184.87772515 -.00000316  00000-0  00000+0 0  9994
2 32767   0.0164 326.8768 0001588 143.4234 259.7521  1.00272405 63091

32768
1 32768U 08018B   25184.83866588 -.00000264  00000-0  00000-0 0  9998
2 32768   0.3520  83.9847 0002779  18.7511  56.2724  1.00273287 63167

32794
1 32794U 08022A   25185.63599098 -.00000021  00000-0  00000+0 0  9990
2 32794   0.0534 242.1264 0001605 255.2361  10.3649  1.00270386 62969

32951
1 32951U 08024A   25185.55322598  .00000039  00000-0  00000+0 0  9995
2 32951   0.0224  21.2603 0003400  87.7838 249.9068  1.00270669 62605

33051
1 33051U 08028A   25184.92075493 -.00000234  00000-0  00000+0 0  9998
2 33051   0.0157  29.7554 0004885  96.6532 219.4229  1.00267222 62510

33055
1 33055U 08030A   25185.12822338 -.00000129  00000-0  00000+0 0  9999
2 33055   2.8945  81.1999 0004971  16.7270 212.8105  1.00272065 62401

33056
1 33056U 08030B   25185.48358453  .00000160  00000-0  00000+0 0  9995
2 33056   0.0515  80.2956 0005384  14.0866  44.4156  1.00272294 62598

33108
1 33108U 08033A   25184.62394520 -.00000056  00000-0  00000-0 0  9992
2 33108   9.9124  43.8405 0004218 167.7711   5.7465  1.00279557 62293

33153
1 33153U 08034A   25185.13085769 -.00000212  00000-0  00000+0 0  9995
2 33153   1.8093  84.7184 0003363  29.6591 183.6343  1.00271655 62145

33207
1 33207U 08035A   25185.47214861 -.00000043  00000-0  00000+0 0  9992
2 33207   0.1053  87.9082 0002825   9.6690 245.1084  1.00272025 62176

33274
1 33274U 08038A   25184.88007093 -.00000240  00000-0  00000-0 0  9990
2 33274   1.4615  85.8426 0000458  66.4791 230.5729  1.00271935102235

33275
1 33275U 08038B   25185.46928155  .00000048  00000-0  00000+0 0  9991
2 33275   2.0474  84.7592 0002815  19.6761 222.3150  1.00273101 61984

33278
1 33278U 08039A   25185.11766770 -.00000130  00000-0  00000+0 0  9993
2 33278   4.0022  30.0076 0002508  81.7983 114.9306  1.00271790 61772

33373
1 33373U 08044A   25185.62054597 -.00000206  00000-0  00000+0 0  9992
2 33373   0.0483  68.3147 0001927  41.0973 314.8741  1.00267417 61359

33376
1 33376U 08045A   25184.90371182 -.00000127  00000-0  00000-0 0  9991
2 33376   0.0277 276.2555 0002954 189.9730  44.2650  1.00271819 61411

33436
1 33436U 08057A   25185.49786521  .00000134  00000-0  00000+0 0  9999
2 33436   0.0123 354.8700 0005615 131.8381 354.4892  1.00276154 60991

33459
1 33459U 08065A   25185.42015948 -.00000088  00000-0  00000+0 0  9993
2 33459   2.0545  83.3645 0003394  18.4605 319.5920  1.00271851 60767

33595
1 33595U 09007A   25185.42042012 -.00000077  00000-0  00000+0 0  9991
2 33595   2.5674  82.7417 0004869  17.7904 322.4719  1.00272269 60053

33749
1 33749U 09008A   25185.53655753  .00000086  00000-0  00000+0 0  9996
2 33749   0.3626  84.7788 0002305   2.4542 211.7783  1.00273218 60070

34111
1 34111U 09009A   25185.42571219 -.00000237  00000-0  00000+0 0  9992
2 34111   0.0225  22.0924 0002708  69.8001 306.4984  1.00266828 59934

34713
1 34713U 09017A   25185.14849441  .00000081  00000-0  00000+0 0  9999
2 34713   0.0147  18.9179 0000613 146.3763 228.0752  1.00273056 59450

34810
1 34810U 09020A   25165.46834203 0.00000000  00000-0  00000-0 0    09
2 34810   2.2825  83.4012 0003604 240.1399 119.8332  1.00270000    03

34941
1 34941U 09027A   25185.49023407 -.00000331  00000-0  00000+0 0  9996
2 34941   0.0187  45.6082 0000296 155.1392   6.7249  1.00273297 59123

35362
1 35362U 09032A   25185.50967959 -.00000096  00000-0  00000+0 0  9999
2 35362   0.0267 318.1980 0003094 134.9401 173.1059  1.00272355 58749

35491
1 35491U 09033A   25184.61592109 -.00000058  00000-0  00000-0 0  9994
2 35491   0.7782  87.7882 0002579  65.1585 242.4932  1.00274398  3093

35493
1 35493U 09034A   25184.76178134 -.00000188  00000-0  00000+0 0  9994
2 35493   0.0153 334.0056 0000691  36.4783  99.6244  1.00271236 58484

35496
1 35496U 09035A   25184.78088488 -.00000048  00000-0  00000-0 0  9998
2 35496   4.9052  48.6768 0002660  42.7939   0.6687  1.00272027 58647

35696
1 35696U 09042A   25185.44257462 -.00000293  00000-0  00000+0 0  9993
2 35696   0.0389  66.2790 0001147  24.8243  91.4856  1.00265874 58185

35755
1 35755U 09044A   25184.87772515 -.00000316  00000-0  00000-0 0  9995
2 35755   0.0184  17.8987 0000046  56.6934 295.5729  1.00271882 58116

35756
1 35756U 09044B   25184.95393966 -.00000135  00000-0  00000+0 0  9992
2 35756   0.6729  84.3464 0001147 283.2151  54.1945  1.00266279 58145

35873
1 35873U 09050A   25184.90849023 -.00000244  00000-0  00000-0 0  9996
2 35873   0.0129 306.4192 0002648 148.5624  81.5400  1.00271138 57851

35942
1 35942U 09054A   25185.46195900 -.00000269  00000-0  00000+0 0  9993
2 35942   0.9138  88.1340 0003447  19.8470 280.2146  1.00274286 57697

35943
1 35943U 09054B   25185.64923809  .00000039  00000-0  00000+0 0  9995
2 35943   0.0421 197.6734 0001603 256.2720 125.6908  1.00272386 57770

36032
1 36032U 09058A   25184.84886116  .00000083  00000-0  00000-0 0  9999
2 36032   0.0777 283.6957 0003716 150.9618 210.0339  1.00272506 57423

36033
1 36033U 09058B   25185.15114163  .00000003  00000-0  00000+0 0  9992
2 36033   0.0219 129.0272 0002063 351.8579 215.0726  1.00271968 57482

36097
1 36097U 09064A   25185.18586674 -.00000260  00000-0  00000+0 0  9998
2 36097   0.0093 350.9987 0002663 120.4119 192.9484  1.00272669 57209

36101
1 36101U 09065A   25185.43267025  .00000125  00000-0  00000+0 0  9998
2 36101   0.0519 347.3821 0006032 116.1830  25.3916  1.00275036 57324

36106
1 36106U 09067A   25184.91517347 -.00000173  00000-0  00000-0 0  9997
2 36106   0.0117  57.4416 0002293  46.4505 232.8872  1.00272740 37739

36108
1 36108U 09068A   25185.15414163 -.00000180  00000-0  00000+0 0  9996
2 36108   0.2545  88.0245 0000379 125.2702 210.6075  1.00269122 57018

36131
1 36131U 09075A   25185.62220862 -.00000088  00000-0  00000+0 0  9990
2 36131   0.0083 160.5641 0000570 258.7535 344.8232  1.00266874 56907

36287
1 36287U 10001A   25184.87937588 -.00000270  00000-0  00000+0 0  9992
2 36287   3.4785  60.7641 0002585 307.9101  10.4932  1.00273644 56670

36395
1 36395U 10005A   25185.25956256 -.00000083  00000-0  00000+0 0  9994
2 36395  33.9199  91.6641 0000862  76.6405 105.5671  1.00270491 56542

36397
1 36397U 10006A   25185.17274784 -.00000232  00000-0  00000+0 0  9993
2 36397   0.0098  12.9382 0002209 101.9794 153.4986  1.00272008 56227

36411
1 36411U 10008A   25184.86368108  .00000050  00000-0  00000-0 0  9999
2 36411   0.3779  85.3376 0002835 108.2341 100.7333  1.00272344 56148

36499
1 36499U 10010A   25185.47041100  .00000014  00000-0  00000+0 0  9995
2 36499   0.0179 347.0666 0002177 119.5741 226.5341  1.00272736 56054

36516
1 36516U 10016A   25184.90292990 -.00000102  00000-0  00000-0 0  9993
2 36516   0.0436 289.3277 0002700 166.9924  49.8903  1.00271773 55540

36581
1 36581U 10021A   25185.13378383  .00000150  00000-0  00000+0 0  9999
2 36581   0.5677  88.5875 0003704   7.6601 257.7938  1.00271100 55165

36582
1 36582U 10021B   25184.85419187  .00000101  00000-0  00000+0 0  9992
2 36582   0.0417  99.3798 0002398 356.7841 146.7256  1.00274026 55495

36590
1 36590U 10024A   25184.91039046 -.00000126  00000-0  00000+0 0  9991
2 36590   3.6906  62.4408 0007885 352.8577 274.2384  1.00272643 55283

36592
1 36592U 10025A   25185.49916841  .00000159  00000-0  00000+0 0  9990
2 36592   0.0552 114.9331 0005351  10.6269   2.8757  1.00271736 55410

36744
1 36744U 10032A   25185.66264432 -.00000333  00000-0  00000+0 0  9993
2 36744   3.9258  79.7088 0001140   8.4195 201.4456  1.00275670 55162

36745
1 36745U 10032B   25185.49995035  .00000168  00000-0  00000+0 0  9990
2 36745   0.0546  43.6170 0004871  70.1737  19.4791  1.00276555 55145

36830
1 36830U 10037A   25185.07545007 -.00000045  00000-0  00000+0 0  9999
2 36830   0.0374 202.2286 0004845 282.2794 178.0000  1.00271290 54808

36831
1 36831U 10037B   25185.17961373  .00000032  00000-0  00000+0 0  9994
2 36831   0.0147  62.1212 0006270  37.7843 250.0938  1.00271827 54796

36868
1 36868U 10039A   25185.31518338  .00000156  00000-0  00000+0 0  9998
2 36868   7.3457  72.4726 0004604  27.6096 325.8904  1.00269782 54950

37185
1 37185U 10053A   25185.04284954 -.00000011  00000-0  00000+0 0  9992
2 37185   0.0413 275.1990 0000469 103.5531 163.7715  1.00272716 53952

37207
1 37207U 10056B   25184.87329425 -.00000338  00000-0  00000-0 0  9996
2 37207   0.0558 232.0408 0002115 302.4050 171.9097  1.00271186 48609

37210
1 37210U 10057A   25185.59708825 -.00000100  00000-0  00000+0 0  9992
2 37210   2.7828  70.4481 0004713 173.1984  54.1413  1.00271440 53807

37218
1 37218U 10061A   25185.42643032 -.00000108  00000-0  00000+0 0  9993
2 37218   4.3868  50.6714 0001711  45.0927 239.1258  1.00272988 53748

37237
1 37237U 10065A   25185.41101192  .00000036  00000-0  00000+0 0  9992
2 37237   4.7593  77.3177 0000826 316.8160 273.1368  1.00271397 53519

37238
1 37238U 10065B   25184.93604230  .00000011  00000-0  00000-0 0  9994
2 37238   0.0298  75.2274 0002677  43.4691 206.4558  1.00271674 49753

37258
1 37258U 10069A   25184.63921159  .00000073  00000-0  00000-0 0  9997
2 37258   0.0581 306.9723 0004048 184.1377  29.9076  1.00270143 40519

37264
1 37264U 10070A   25185.13111832 -.00000203  00000-0  00000+0 0  9996
2 37264   0.0430 108.6040 0005750   9.2838 181.6912  1.00271653 53176

37265
1 37265U 10070B   25184.59767619 -.00000100  00000-0  00000-0 0  9993
2 37265   0.0140  48.6810 0002126  63.4127 184.8057  1.00271752 53276

37344
1 37344U 11001A   25185.03586458 -.00000164  00000-0  00000+0 0  9995
2 37344   8.8925  57.9832 0004963  31.2608 185.2473  1.00246870 52972

37392
1 37392U 11016A   25185.41633674 -.00000212  00000-0  00000+0 0  9993
2 37392   0.9061  87.3154 0004359   8.5270 305.0078  1.00272544 52031

37393
1 37393U 11016B   25184.85233333  .00000113  00000-0  00000-0 0  9999
2 37393   0.0206  33.6266 0002982  82.4648 165.3587  1.00270239 38914

37481
1 37481U 11019A   25184.68430573  .00000109  00000-0  00000-0 0  9991
2 37481   3.7760  52.3997 0001868  46.2056 121.4874  1.00272516 51905

37602
1 37602U 11021A   25185.48153170 -.00000266  00000-0  00000+0 0  9997
2 37602   0.0365 271.6346 0002732 158.4276 323.0164  1.00271075 52302

37605
1 37605U 11022A   25185.50490252  .00000098  00000-0  00000+0 0  9991
2 37605   1.2312  86.3457 0001967 171.2479 261.9852  1.00271834 51756

37606
1 37606U 11022B   25184.91657304 -.00000199  00000-0  00000-0 0  9993
2 37606   0.0137  75.3338 0001694  39.7915 225.0237  1.00272328 51785

37748
1 37748U 11035A   25185.47353869 -.00000088  00000-0  00000+0 0  9991
2 37748   0.4259  86.6802 0003061 350.5269 272.9883  1.00272430 51218

37749
1 37749U 11035B   25185.51115791 -.00000184  00000-0  00000+0 0  9994
2 37749   0.0401 180.1834 0001431 339.8922  33.2017  1.00272397 51088

37775
1 37775U 11041A   25184.85532132  .00000132  00000-0  00000-0 0  9991
2 37775   0.0514 356.5609 0005556  71.0253 181.6457  1.00269960 41037

37776
1 37776U 11041B   25185.62406843 -.00000336  00000-0  00000+0 0  9993
2 37776   0.0224 309.3781 0000545 227.4135  80.6814  1.00270479 51035

37779
1 37779U 11042A   25185.64415773  .00000168  00000-0  00000+0 0  9993
2 37779   0.0374 198.3612 0002158 225.6682 128.7786  1.00270555 50791

37809
1 37809U 11049A   25184.90571006 -.00000183  00000-0  00000-0 0  9993
2 37809   0.0163 334.4190 0002521 129.0865  57.7017  1.00272691 50475

37810
1 37810U 11049B   25185.13378383  .00000136  00000-0  00000+0 0  9990
2 37810   0.0510  23.9618 0004204 107.5563 219.0177  1.00272962 50420

37816
1 37816U 11051A   25185.42120205 -.00000046  00000-0  00000+0 0  9990
2 37816   0.0584 359.0629 0004577 119.4517 308.4728  1.00271871 50485

37826
1 37826U 11054A   25185.12185404 -.00000229  00000-0  00000+0 0  9996
2 37826   0.0155 334.0832 0003298 143.2898 131.8670  1.00271522 50606

37834
1 37834U 11056A   25185.53876366  .00000067  00000-0  00000+0 0  9995
2 37834   0.0193  71.2906 0001928  25.1109 200.3362  1.00272791 50351

37836
1 37836U 11057A   25184.85471315  .00000116  00000-0  00000-0 0  9993
2 37836   0.0636   9.6732 0005714  93.8020 142.3158  1.00271645  3834

37843
1 37843U 11059A   25185.47119293 -.00000010  00000-0  00000+0 0  9999
2 37843   0.0182 350.5697 0002462 109.2990 237.3667  1.00271990 50780

37933
1 37933U 11069A   25184.87242544 -.00000322  00000-0  00000-0 0  9996
2 37933   0.0378 208.4277 0001690 227.2084 266.0574  1.00274264 41366

37950
1 37950U 11074A   25184.64288978 -.00000359  00000-0  00000-0 0  9997
2 37950   7.9856  64.5625 0004105  26.3339 180.7941  1.00329040 49502

37951
1 37951U 11074B   25185.51919733 -.00000041  00000-0  00000+0 0  9992
2 37951   7.8684  79.0211 0003566  42.5040 155.1717  1.00269701 49708

38014
1 38014U 11077A   25185.28831997  .00000158  00000-0  00000+0 0  9993
2 38014   0.0436 206.1988 0000768 204.5693  18.0687  1.00274491 49545

38070
1 38070U 12003A   25185.65453779 -.00000196  00000-0  00000+0 0  9997
2 38070   0.0184  47.4260 0001812 169.3451  30.1873  1.00248175 49235

38087
1 38087U 12007A   25185.13268216 -.00000155  00000-0  00000+0 0  9997
2 38087   0.0150  12.2738 0002439 102.3705 193.5063  1.00270901 48990

38091
1 38091U 12008A   25185.50568444  .00000068  00000-0  00000+0 0  9992
2 38091   2.7058  71.2478 0007218 267.3959 184.8965  1.00275686 48999

38098
1 38098U 12011A   25184.65166705 -.00000047  00000-0  00000-0 0  9991
2 38098   0.0185  52.5935 0001700  52.4734 123.5433  1.00271419  3690

38101
1 38101U 12012A   25185.41703178 -.00000199  00000-0  00000+0 0  9990
2 38101   8.0457  59.7295 0003041 212.3611 132.1631  1.00326333 48594

38107
1 38107U 12013A   25184.65253584 -.00000090  00000-0  00000-0 0  9994
2 38107   0.0296 103.5719 0002256 354.7933 134.9650  1.00271510 48314

38245
1 38245U 12016A   25185.28910190  .00000140  00000-0  00000+0 0  9997
2 38245   0.0395  92.1627 0003846  39.2315 302.8125  1.00270578 48432

38254
1 38254U 12019A   25185.03586458 -.00000127  00000-0  00000+0 0  9995
2 38254   5.8429  59.8576 0002773  45.8389 173.0137  1.00270688 48183

38331
1 38331U 12023A   25184.85391877 -.00000344  00000-0  00000-0 0  9996
2 38331   0.0188  26.4259 0002738  83.7687 243.3282  1.00272611 48044

38332
1 38332U 12023B   25184.87772515 -.00000317  00000-0  00000-0 0  9991
2 38332   0.0227 320.8422 0002345 141.8307 267.2798  1.00270776 43166

38342
1 38342U 12026A   25184.90484126 -.00000161  00000-0  00000-0 0  9994
2 38342   0.0141 318.8192 0002598 142.9328  55.0382  1.00271134 46926

38352
1 38352U 12028A   25184.87106591 -.00000281  00000-0  00000-0 0  9993
2 38352   0.5523  89.4669 0002076  68.5141 175.9510  1.00269250 47802

38356
1 38356U 12030A   25185.53342852 -.00000042  00000-0  00000+0 0  9990
2 38356   0.0178  61.8745 0003105  45.7020 173.2410  1.00271904 48027

38466
1 38466U 12033A   25049.88538066 0.00000000  00000-0  00000-0 0    03
2 38466   6.7157  83.9931 0005303 186.3128 173.6933  1.00270000    00

38551
1 38551U 12035A   25185.11584321 -.00000062  00000-0  00000+0 0  9997
2 38551   0.0194  23.0891 0002082  76.4992 117.3815  1.00271536 47631

38552
1 38552U 12035B   25184.99437029  .00000008  00000-0  00000+0 0  9994
2 38552   3.8463  62.0626 0000820  54.9250 163.7239  1.00279160 47723

38652
1 38652U 12036A   25185.06988959  .00000046  00000-0  00000+0 0  9990
2 38652   0.0293 348.8162 0002106 110.5840 213.0543  1.00270490 47574

38740
1 38740U 12043A   25184.86515804 -.00000012  00000-0  00000-0 0  9993
2 38740   0.0081  45.6775 0000831 142.9727 113.4291  1.00271220 47334

38741
1 38741U 12043B   25184.90857712 -.00000245  00000-0  00000-0 0  9994
2 38741   1.5263  85.4886 0001997  48.3176  42.9206  1.00266227 47286

38749
1 38749U 12045A   25185.16018479 -.00000272  00000-0  00000+0 0  9991
2 38749   0.0365 273.2185 0001400 228.5805 140.2735  1.00273620 47149

38778
1 38778U 12051A   25184.92848370  .00000162  00000-0  00000-0 0  9992
2 38778   0.0690 252.6021 0001862 277.6484 114.3569  1.00270189 37640

38779
1 38779U 12051B   25185.43909940 -.00000151  00000-0  00000+0 0  9999
2 38779   0.0591 267.2092 0008489 190.6950  65.8592  1.00272024 46809

38867
1 38867U 12057A   25185.05253216 -.00000272  00000-0  00000+0 0  9993
2 38867   0.0384 108.1683 0001192 306.1613 193.8904  1.00281255 46614

38953
1 38953U 12059A   25184.91109791 -.00000165  00000-0  00000-0 0  9995
2 38953   3.5353  77.1812 0008925 322.3896 294.5883  1.00269685 46413

38977
1 38977U 12061A   25184.99072384 -.00000132  00000-0  00000+0 0  9992
2 38977   9.7267  53.2469 0003912 121.5679  87.8167  1.00271717 46689

38978
1 38978U 12061B   25185.10194297  .00000084  00000-0  00000+0 0  9990
2 38978   0.0140  55.9000 0000675 237.3182 208.7895  1.00269829 46382

38991
1 38991U 12062A   25184.90805583 -.00000236  00000-0  00000-0 0  9991
2 38991   0.0130  59.5609 0001754  40.3897  74.1071  1.00270357 46261

38992
1 38992U 12062B   25184.85584259  .00000142  00000-0  00000-0 0  9995
2 38992   0.0655   9.5195 0002720  98.4183 143.8614  1.00271227 46337

39008
1 39008U 12065A   25184.83936093 -.00000270  00000-0  00000-0 0  9995
2 39008   0.0149  34.6819 0002186  69.5580  58.5305  1.00271839 46138

39017
1 39017U 12067A   25184.94029944 -.00000195  00000-0  00000-0 0  9993
2 39017   0.0384 101.7981 0002704 358.3813 248.0231  1.00272181 46011

39020
1 39020U 12069A   25184.65131953 -.00000032  00000-0  00000-0 0  9991
2 39020   0.0612  10.9522 0003436  91.8210 124.0971  1.00271463 46010

39022
1 39022U 12070A   25184.76945137  .00000097  00000-0  00000+0 0  9993
2 39022   0.3695  89.6849 0003687   8.5507 155.6887  1.00272940 46100

39034
1 39034U 12075A   25185.14753873  .00000112  00000-0  00000+0 0  9996
2 39034   0.0647   0.6446 0003800 111.1926 276.4224  1.00271739 46030

39035
1 39035U 12075B   25185.61402994 -.00000011  00000-0  00000+0 0  9993
2 39035   0.0166  91.0914 0001963 356.8715 301.1411  1.00271895 45994

39070
1 39070U 13004A   25185.57789617  .00000092  00000-0  00000+0 0  9998
2 39070   3.0568  23.8000 0004722  39.0096 253.6618  1.00275246 45500

39078
1 39078U 13006A   25185.22568235 -.00000269  00000-0  00000+0 0  9998
2 39078   0.0424 200.1330 0002982 299.0220 163.5736  1.00271718 45482

39079
1 39079U 13006B   25185.14623552  .00000146  00000-0  00000+0 0  9997
2 39079   0.0116  53.3012 0001390  66.5551 261.1684  1.00271909 45447

39120
1 39120U 13011A   25184.84170669 -.00000277  00000-0  00000-0 0  9999
2 39120   3.7431  51.4732 0001649  51.4334  72.4023  1.00271349 45045

39122
1 39122U 13012A   25185.04258890 -.00000000  00000-0  00000+0 0  9991
2 39122   0.0188  48.1745 0003037  58.1432  74.5053  1.00271405 44979

39127
1 39127U 13014A   25184.90162669 -.00000062  00000-0  00000-0 0  9999
2 39127   0.0192 293.5800 0001467 177.5502  28.3182  1.00272863 44762

39157
1 39157U 13020A   25185.44205333 -.00000276  00000-0  00000+0 0  9991
2 39157   0.0027 103.8616 0001069 319.8547 116.0029  1.00269333 44660

39163
1 39163U 13022A   25184.92414102  .00000060  00000-0  00000-0 0  9999
2 39163   0.0672 344.6171 0003987  56.5253 220.7300  1.00270468 44457

39168
1 39168U 13024A   25185.05253216 -.00000272  00000-0  00000+0 0  9993
2 39168   0.0161  23.3855 0000199 344.3453 240.9849  1.00269694 44335

39172
1 39172U 13026A   25185.18586674 -.00000248  00000-0  00000+0 0  9994
2 39172   0.0422 299.3212 0002555 175.8348 193.7012  1.00273999 44228

39215
1 39215U 13038A   25184.92787554  .00000144  00000-0  00000-0 0  9991
2 39215   2.9436   4.2382 0002015 118.2189 158.6512  1.00271910 40523

39216
1 39216U 13038B   25184.85391877 -.00000327  00000-0  00000-0 0  9997
2 39216   1.0250  87.3246 0000678  27.9515 243.7895  1.00274464 43587

39222
1 39222U 13041A   25185.53100515  .00000103  00000-0  00000+0 0  9991
2 39222   0.0144  18.8925 0000400 112.8511 207.0032  1.00272572 43574

39233
1 39233U 13044A   25185.13378383  .00000156  00000-0  00000+0 0  9990
2 39233   0.0480 348.3304 0001968 104.2186 263.5076  1.00269426 43416

39234
1 39234U 13044B   25185.15179587 -.00000064  00000-0  00000+0 0  9997
2 39234   0.0277  95.3317 0002470 173.0683 142.6081  1.00272327 43416

39237
1 39237U 13045A   25184.93578166  .00000020  00000-0  00000-0 0  9994
2 39237   0.0382 253.5536 0002002 170.1988 260.3268  1.00270830 43461

39285
1 39285U 13056A   25184.92857059  .00000163  00000-0  00000-0 0  9997
2 39285   0.0890 307.5913 0003005 176.3753 161.0119  1.00275359 43091

39360
1 39360U 13058A   25184.97131574 -.00000005  00000-0  00000+0 0  9990
2 39360   0.0092  58.8494 0001059 112.9229 343.9699  1.00272638 42854

39375
1 39375U 13062A   25185.33447603  .00000163  00000-0  00000+0 0  9999
2 39375   5.0725  76.6450 0002692 273.1465  88.1965  1.00273360 42648

39460
1 39460U 13071A   25184.86657053 -.00000257  00000-0  00000-0 0  9999
2 39460   0.0462 267.7826 0002860 190.9502 230.3450  1.00271085 40933

39476
1 39476U 13073A   25184.57893580  .00000039  00000-0  00000-0 0  9990
2 39476   0.0185  45.9208 0000439 302.2307 204.7125  1.00273301 42099

39481
1 39481U 13075A   25184.90562318 -.00000182  00000-0  00000-0 0  9997
2 39481   0.0479 231.7333 0003147 217.9131  71.3360  1.00271442 42106

39487
1 39487U 13077A   25184.87928899 -.00000268  00000-0  00000-0 0  9996
2 39487   0.0173 342.1956 0000207 213.3283 183.1857  1.00272894 42861

39498
1 39498U 14001A   25185.50872525 -.00000063  00000-0  00000+0 0  9993
2 39498   0.0362 268.6074 0001194 229.2759  42.0047  1.00272310 42098

39500
1 39500U 14002A   25185.15266466 -.00000108  00000-0  00000+0 0  9990
2 39500   0.0694 106.6835 0004345  23.8684 285.3416  1.00272404 42032

39504
1 39504U 14004A   25185.18586674 -.00000260  00000-0  00000+0 0  9994
2 39504   3.6873  12.3635 0004372 188.1811 107.8968  1.00268553 41952

39508
1 39508U 14006A   25184.65227521 -.00000075  00000-0  00000-0 0  9999
2 39508   0.0284  78.4619 0003737  26.5521 126.6392  1.00271990 41785

39509
1 39509U 14006B   25184.93039507  .00000166  00000-0  00000-0 0  9996
2 39509   0.0299 112.3470 0001118   8.7342 173.8375  1.00272855 41583

39522
1 39522U 14007A   25184.93126388  .00000158  00000-0  00000-0 0  9997
2 39522   0.0855 281.9169 0000831 357.6436  19.9050  1.00274721 41477

39612
1 39612U 14010A   25184.84886116  .00000091  00000-0  00000+0 0  9998
2 39612   0.0198  12.4489 0000145  49.0109 222.2345  1.00271030 41551

39613
1 39613U 14010B   25185.16474104 -.00000268  00000-0  00000+0 0  9992
2 39613   0.0121 307.7766 0000580  32.9237 140.8684  1.00272179 41390

39616
1 39616U 14011A   25184.90822959 -.00000239  00000-0  00000-0 0  9991
2 39616   0.0572 197.6689 0004672 294.3463  43.0786  1.00268379 41220

39617
1 39617U 14011B   25185.49856025  .00000151  00000-0  00000+0 0  9999
2 39617   0.0812 301.6029 0002546 187.1234 357.0204  1.00275016 41382

39652
1 39652U 14020A   22263.91318420 0.00000000  00000-0  00000-0 0    08
2 39652   2.2006  50.4699 0007516  86.9098 273.1965  1.00270000    02

39727
1 39727U 14023A   25184.92255369 -.00000260  00000-0  00000-0 0  9998
2 39727   4.2592  73.0859 0002236  64.6082 211.3654  1.00272303 40861

39728
1 39728U 14023B   25185.14866817  .00000073  00000-0  00000+0 0  9990
2 39728   0.0133  17.1171 0000298 135.5007 241.8067  1.00272953 40951

39751
1 39751U 14027A   20169.22222530 0.00000000  00000-0  00000-0 0    08
2 39751   2.7245 155.9004 0003771 352.9836   7.0117  1.00270000    01

39773
1 39773U 14030A   25184.92353285  .00000032  00000-0  00000-0 0  9999
2 39773   0.0604  12.0802 0003875 100.9943 144.6558  1.00272133 40728

40107
1 40107U 14046A   25185.51488008 -.00000319  00000-0  00000+0 0  9995
2 40107   0.0369 211.3932 0001507 238.6893 123.3447  1.00270889 40019

40141
1 40141U 14052A   25184.85947384 -.00000350  00000-0  00000-0 0  9999
2 40141   0.0291  96.3167 0000770  13.7260 241.3851  1.00270183 39579

40146
1 40146U 14054A   25185.64224448 -.00000133  00000-0  00000+0 0  9991
2 40146   0.0749 312.2126 0001747 165.8548 192.0365  1.00270936 39635

40147
1 40147U 14054B   25184.76338098 -.00000230  00000-0  00000-0 0  9990
2 40147   0.0247   7.1512 0002490  93.4246 187.7569  1.00271407 39412

40258
1 40258U 14058A   25184.92996067  .00000164  00000-0  00000-0 0  9996
2 40258   0.9932  87.0714 0002118  34.2911 170.8759  1.00441977 37508

40267
1 40267U 14060A   25184.87946275 -.00000264  00000-0  00000-0 0  9991
2 40267   0.0155  76.1571 0000945  44.0207 259.2182  1.00271754 39259

40271
1 40271U 14062A   25185.47518942 -.00000137  00000-0  00000+0 0  9999
2 40271   0.0138  37.2553 0001585 354.5542 326.9172  1.00271024 39289

40272
1 40272U 14062B   25184.48042339 -.00000248  00000-0  00000-0 0  9996
2 40272   0.0409 292.3972 0002030 164.9314 285.5559  1.00271546 39116

40277
1 40277U 14064A   25184.93343589  .00000110  00000-0  00000-0 0  9991
2 40277   0.0159 328.6352 0000890 247.1074  95.4878  1.00274934 39179

40332
1 40332U 14078A   25184.84886116  .00000096  00000-0  00000-0 0  9999
2 40332   0.0389 257.5526 0007738 188.9954 196.2341  1.00274311 38618

40333
1 40333U 14078B   25184.90327741 -.00000113  00000-0  00000+0 0  9991
2 40333   0.0232  21.8913 0000398 113.7863  12.4503  1.00270560 38754

40345
1 40345U 14082A   25184.94073384 -.00000215  00000-0  00000+0 0  9997
2 40345   0.0224  19.3321 0000475  86.5418 244.9349  1.00266001 38926

40364
1 40364U 14089A   25185.14267341  .00000163  00000-0  00000+0 0  9997
2 40364   0.0448 351.8466 0004540  84.1465 285.9628  1.00270728 38535

40367
1 40367U 14090A   25184.72849167 -.00000292  00000-0  00000+0 0  9991
2 40367   4.7560  77.0763 0003839 141.4453  65.2829  1.00266833 38540

40384
1 40384U 15005A   25184.48372484 -.00000274  00000-0  00000-0 0  9994
2 40384   0.0190  34.1896 0000655 341.6815  25.0039  1.00272547 37496

40424
1 40424U 15010A   25185.15669650 -.00000014  00000-0  00000+0 0  9995
2 40424   0.0342  63.0105 0001847 356.7167 276.0862  1.00270331 37889

40425
1 40425U 15010B   25184.90420280 -.00000013  00000-0  00000-0 0  9992
2 40425   0.0023 188.7490 0000242 299.8410   4.1873  1.00273110 37907

40505
1 40505U 15012A   25184.93082948  .00000163  00000-0  00000-0 0  9996
2 40505   0.0118  59.0918 0003235  47.4345 190.7367  1.00272013 37861

40613
1 40613U 15022A   25184.85141170  .00000004  00000-0  00000+0 0  9994
2 40613   0.0358 235.4839 0002704 226.2779 126.2028  1.00273929 37312

40614
1 40614U 15022B   25165.47470707 0.00000000  00000-0  00000-0 0    03
2 40614   0.0160 110.8929 0003452 347.3416  12.6583  1.00270000    01

40617
1 40617U 15023A   25185.14736497  .00000117  00000-0  00000+0 0  9999
2 40617   0.0379  92.1560 0002814   8.7350 286.5629  1.00272427 37340

40663
1 40663U 15026A   25185.52544744 -.00000089  00000-0  00000+0 0  9996
2 40663   0.0154  66.9481 0000510 326.8586 335.2547  1.00271568 37053

40664
1 40664U 15026B   25185.12141964 -.00000222  00000-0  00000+0 0  9999
2 40664   0.0153  51.1504 0002149  51.9768 144.1942  1.00272864 37048

40732
1 40732U 15034A   25184.85340994  .00000072  00000-0  00000+0 0  9999
2 40732   2.3293  72.3840 0000647 108.3165  57.9403  1.00267788 36514

40733
1 40733U 15034B   25184.76628465 -.00000253  00000-0  00000-0 0  9995
2 40733   0.0294  41.5285 0001958  31.5804  54.7840  1.00271915 36523

40746
1 40746U 15036A   25184.81490521  .00000030  00000-0  00000+0 0  9998
2 40746   0.0171  31.0841 0000465 102.3258 257.0430  1.00271108 36375

40874
1 40874U 15039A   25185.05253216 -.00000273  00000-0  00000+0 0  9998
2 40874   0.0237  23.8424 0001242 335.0707 246.8118  1.00269104 36129

40875
1 40875U 15039B   25184.92132226 -.00000053  00000-0  00000-0 0  9998
2 40875   0.0634  11.9498 0003690  89.4338 144.4695  1.00271478 36196

40880
1 40880U 15041A   25184.91320542 -.00000148  00000-0  00000+0 0  9990
2 40880   1.0174  87.4001 0002842  12.6646 233.3113  1.00272076 36107

40882
1 40882U 15042A   25184.80663172  .00000062  00000-0  00000-0 0  9995
2 40882   0.0231  94.0124 0000523 269.1893  28.8428  1.00273138 36060

40892
1 40892U 15046A   25185.19211544 -.00000142  00000-0  00000+0 0  9994
2 40892   0.0542 200.9202 0005187 198.4331 107.2401  1.00273946 36063

40895
1 40895U 15048A   25185.17405906 -.00000098  00000-0  00000+0 0  9994
2 40895   0.0160 331.7015 0000316  57.2454 302.1362  1.00272022 35889

40940
1 40940U 15054A   25185.16482792 -.00000266  00000-0  00000+0 0  9996
2 40940   0.0207  13.2942 0001875  80.1447  28.5465  1.00268707 35766

40941
1 40941U 15054B   25185.18061001 -.00000212  00000-0  00000+0 0  9996
2 40941   0.0378 293.8878 0002165 159.4588 173.0887  1.00271719 35816

40946
1 40946U 15056A   25185.11462689 -.00000033  00000-0  00000+0 0  9994
2 40946   2.9918   4.6142 0000590 166.3936  39.5265  1.00270738 35780

40982
1 40982U 15059A   25184.87972340 -.00000254  00000-0  00000-0 0  9995
2 40982   0.0166  15.2376 0001842 129.2504 236.3344  1.00269823 35622

40984
1 40984U 15060A   25184.85233333  .00000126  00000-0  00000-0 0  9996
2 40984   0.0280 281.9885 0002058 181.4739 175.4975  1.00277298 35604

41021
1 41021U 15063A   25185.51453256 -.00000310  00000-0  00000+0 0  9999
2 41021   0.1382 261.5573 0006498 300.0315   9.8388  1.00274235 35527

41028
1 41028U 15065A   25184.92266154 -.00000246  00000-0  00000-0 0  9990
2 41028   0.0438 241.2011 0003744 202.1970 264.4275  1.00272766 35304

41029
1 41029U 15065B   25185.13378383  .00000158  00000-0  00000+0 0  9993
2 41029   0.0419 208.1760 0003734 357.9908 150.3799  1.00269330 35426

41034
1 41034U 15067A   25184.94837932 -.00000330  00000-0  00000+0 0  9992
2 41034   0.0477 234.7487 0002965 187.2214 330.1567  1.00272352 35357

41036
1 41036U 15068A   25185.17405906 -.00000106  00000-0  00000+0 0  9994
2 41036   0.0176  41.0708 0002452  54.4302 234.5771  1.00271794 35245

41105
1 41105U 15074A   25184.92010594 -.00000108  00000-0  00000-0 0  9998
2 41105   5.8141  74.8338 0000875 196.8972 327.2217  1.00272319 35015

41121
1 41121U 15075A   25185.15301219 -.00000126  00000-0  00000+0 0  9999
2 41121   0.0675 104.6033 0003839 346.9862 326.1586  1.00273453 35113

41191
1 41191U 15082A   25185.11156116  .00000168  00000-0  00000+0 0  9999
2 41191   0.0180 346.5559 0002832 128.3900 243.7080  1.00276213 35028

41194
1 41194U 15083A   25185.51496696 -.00000321  00000-0  00000+0 0  9999
2 41194   0.0363  94.9695 0000554 321.5089 157.3900  1.00271675 35009

41238
1 41238U 16001A   25185.14727808  .00000120  00000-0  00000+0 0  9996
2 41238   0.0377 265.5109 0002789 277.1548 204.2433  1.00271496 34741

41310
1 41310U 16005A   25184.85332307  .00000074  00000-0  00000-0 0  9993
2 41310   0.0506  69.6417 0001440  11.0927 157.5463  1.00272265 34625

41380
1 41380U 16013A   25185.08717331 -.00000332  00000-0  00000+0 0  9996
2 41380   0.0285 299.3227 0002371 148.2504 334.4455  1.00270650 34268

41382
1 41382U 16014A   25185.10530831 -.00000263  00000-0  00000+0 0  9993
2 41382   0.0889 302.7933 0002360 157.1024 155.1654  1.00274133 34154

41469
1 41469U 16027A   25184.77753352 -.00000325  00000-0  00000-0 0  9990
2 41469   4.3415 106.5109 0006903 358.8897 225.9377  1.00278887 33687

41471
1 41471U 16028A   25185.19211544 -.00000152  00000-0  00000+0 0  9990
2 41471   0.0179  31.1310 0001119  66.6746  47.7944  1.00270886 33601

41552
1 41552U 16031A   25185.15266466 -.00000108  00000-0  00000+0 0  9994
2 41552   0.0576  35.0535 0003126  26.8981 353.8795  1.00273290 33295

41581
1 41581U 16035A   25184.83271569 -.00000138  00000-0  00000-0 0  9998
2 41581   0.0139   9.3901 0001710 219.3290 258.0833  1.00268638 33190

41586
1 41586U 16037A   25184.87346801 -.00000343  00000-0  00000-0 0  9999
2 41586   1.8046  69.1253 0009792  10.4550 267.5433  1.00272570  3392

41588
1 41588U 16038A   25185.65158387 -.00000069  00000-0  00000+0 0  9993
2 41588   0.0106 358.1010 0001667  61.8052 172.2953  1.00269918 33208

41589
1 41589U 16038B   25185.04250203  .00000001  00000-0  00000+0 0  9992
2 41589   0.0024 195.2487 0000471 335.8934   9.4661  1.00272611 33213

41591
1 41591U 16039A   25185.19767053 -.00000184  00000-0  00000+0 0  9991
2 41591   0.0181   6.9592 0002194  97.0357  40.1106  1.00269055 33152

41592
1 41592U 16039B   25184.83936093 -.00000270  00000-0  00000-0 0  9991
2 41592   0.0193  28.4180 0001667  75.2730  59.2251  1.00271943 33134

41724
1 41724U 16047A   25093.58950595 0.00000000  00000-0  00000-0 0    04
2 41724   3.1811  34.4151 0005050 211.9298 148.0506  1.00270000    08

41725
1 41725U 16048A   25185.44274838 -.00000306  00000-0  00000+0 0  9998
2 41725   3.2101  39.0494 0003418  38.4451 106.0032  1.00271303 32776

41729
1 41729U 16050A   25184.95133325 -.00000238  00000-0  00000+0 0  9999
2 41729   0.0190  27.4520 0002085  68.4788 312.7187  1.00272164 32570

41747
1 41747U 16053A   25184.93656359 -.00000013  00000-0  00000+0 0  9998
2 41747   0.0118  26.4605 0001674 322.2751 339.1153  1.00275768 32453

41793
1 41793U 16060A   25185.08039664 -.00000064  00000-0  00000+0 0  9994
2 41793   0.0140  29.0719 0004852  41.7663 314.4089  1.00270618 32037

41794
1 41794U 16060B   25184.88024468 -.00000232  00000-0  00000+0 0  9995
2 41794   0.0183 350.3694 0001643 103.2852 290.1648  1.00271542 32089

41836
1 41836U 16064A   25184.95081197 -.00000262  00000-0  00000+0 0  9999
2 41836   0.0433 255.8268 0001255 214.1565 295.2432  1.00272664 31815

41838
1 41838U 16065A   25184.89629098  .00000073  00000-0  00000-0 0  9993
2 41838   4.8653  76.8446 0003633 309.0533  40.9136  1.00273802 31713

41866
1 41866U 16071A   25185.52544744 -.00000077  00000-0  00000+0 0  9990
2 41866   0.0501 233.2541 0000999 269.1352 224.8189  1.00272223 31612

41879
1 41879U 16075A   25185.20322541 -.00000190  00000-0  00000+0 0  9998
2 41879   0.0404  68.9825 0000487 109.1917 327.2856  1.00266582 31438

41882
1 41882U 16077A   25185.50322682 -.00000344  00000-0  00000+0 0  9994
2 41882   1.4354  84.1228 0006722 165.5432 337.9217  1.00267898 31490

41893
1 41893U 16079A   25184.97505160 -.00000126  00000-0  00000+0 0  9990
2 41893   0.0188  32.4747 0001554  74.6091  69.0651  1.00272682 31248

41903
1 41903U 16082A   25184.83184605 -.00000339  00000-0  00000-0 0  9995
2 41903   0.0185  25.5990 0000693  76.5096 229.5006  1.00271181 31261

41904
1 41904U 16082B   25184.90631823 -.00000198  00000-0  00000-0 0  9996
2 41904   0.0372  74.9535 0002212  18.6064  70.8951  1.00272227 31284

41911
1 41911U 17001A   25185.15031890  .00000006  00000-0  00000+0 0  9998
2 41911   0.0747 258.7473 0001443 218.6471 285.6649  1.00274863 31222

41940
1 41940U 17005A   20259.52607417 0.00000000  00000-0  00000-0 0    04
2 41940   0.0250 277.3055 0004000  57.1737 302.8575  1.00270000    00

41942
1 41942U 17006A   25185.04697722 -.00000232  00000-0  00000+0 0  9999
2 41942   0.0142 270.1503 0000938 208.8835 144.1814  1.00267274 31030

41944
1 41944U 17007A   25185.08899780 -.00000350  00000-0  00000+0 0  9995
2 41944   0.0113 322.6541 0002254 135.5519 334.1746  1.00273208 30727

41945
1 41945U 17007B   25184.84300990 -.00000257  00000-0  00000-0 0  9996
2 41945   0.0200  72.9895 0000465 308.0077 161.4043  1.00270140 30734

42070
1 42070U 17014A   25184.61557356 -.00000046  00000-0  00000-0 0  9995
2 42070   0.0191  27.0389 0002124  72.2138 294.3237  1.00271639 30425

42075
1 42075U 17016A   25185.42024635 -.00000083  00000-0  00000+0 0  9991
2 42075   0.0089  30.4581 0000300 105.1092 286.3703  1.00268961 30442

42432
1 42432U 17017A   25185.15703552 -.00000260  00000-0  00000+0 0  9998
2 42432   0.0124  26.6597 0002755  82.3489 163.0287  1.00269502 30232

42662
1 42662U 17018A   25184.87346801 -.00000340  00000-0  00000-0 0  9992
2 42662   0.0443  94.3720 0004280 132.8547 119.8393  1.00269543 30245

42691
1 42691U 17023A   25185.01730671 -.00000349  00000-0  00000+0 0  9997
2 42691   0.0200 355.7591 0001061  86.3278 322.2835  1.00268183 29952

42692
1 42692U 17023B   25184.42551267 -.00000238  00000-0  00000-0 0  9992
2 42692   0.0152 356.1820 0002203 127.1207 236.7115  1.00270049 29914

42695
1 42695U 17024A   25185.44196646 -.00000272  00000-0  00000+0 0  9992
2 42695   0.0591 105.6892 0002348 356.1914  77.2490  1.00269679 29943

42698
1 42698U 17025A   25185.14832065  .00000088  00000-0  00000+0 0  9999
2 42698   0.0125  13.8886 0000174 106.9749 271.4437  1.00271665 29772

42709
1 42709U 17026A   25184.37891912  .00000071  00000-0  00000-0 0  9996
2 42709   0.0169  12.8083 0000485  56.5092 219.5517  1.00270433  3942

42740
1 42740U 17029A   25184.48077090 -.00000254  00000-0  00000-0 0  9993
2 42740   0.0235 283.8384 0000291 142.1972 318.8554  1.00269914 29707

42741
1 42741U 17029B   25184.60412992  .00000005  00000-0  00000-0 0  9995
2 42741   0.0101  54.1151 0000197  28.9815 228.2490  1.00272081 30235

42747
1 42747U 17031A   25184.21846745  .00000135  00000-0  00000+0 0  9991
2 42747   0.0165   3.5280 0006225  99.2736 305.2019  1.00273961 29636

42749
1 42749U 17032A   25185.63885803  .00000080  00000-0  00000+0 0  9998
2 42749   1.9739 334.6127 0002435 118.1171  70.3961  1.00271256 29637

42801
1 42801U 17038A   25185.37614017  .00000025  00000-0  00000+0 0  9990
2 42801   0.0490  85.8462 0003137  22.9649 311.1408  1.00275112 29423

42814
1 42814U 17040A   25184.93065572  .00000164  00000-0  00000-0 0  9999
2 42814   0.0647  60.3537 0004152   1.6916 234.1602  1.00272343 29367

42815
1 42815U 17040B   25184.92266152 -.00000245  00000-0  00000+0 0  9996
2 42815   0.0384 104.1328 0001396 180.6337  63.0574  1.00270551 29381

42818
1 42818U 17041A   25185.08864588 -.00000225  00000-0  00000+0 0  9993
2 42818   0.0200 288.8591 0002163 170.0554 180.8453  1.00273442 29319

42907
1 42907U 17046A   25184.84886116  .00000149  00000-0  00000+0 0  9995
2 42907   0.0378  98.2122 0000569  54.8591 119.6276  1.00272926 28896

42917
1 42917U 17048A   25184.85391877 -.00000337  00000-0  00000-0 0  9995
2 42917   0.0554 185.9510 0002030 278.4649 252.0379  1.00266078 28764

42934
1 42934U 17053A   25184.48250852 -.00000271  00000-0  00000-0 0  9993
2 42934   0.0295 333.6644 0001867  88.8595 331.8977  1.00273479 28544

42942
1 42942U 17057A   25185.02197530 -.00000347  00000-0  00000+0 0  9993
2 42942   0.0434  65.1722 0002332  38.1283 309.0511  1.00263912 28454

42949
1 42949U 17066A   21249.71417234 0.00000000  00000-0  00000-0 0    08
2 42949   2.8159 335.1754 0003938 138.6479 221.3984  1.00270000    03

42950
1 42950U 17059A   25185.17405906 -.00000128  00000-0  00000+0 0  9996
2 42950   0.0200  78.4207 0002698  23.5433 225.1275  1.00271712 28552

42951
1 42951U 17059B   25185.01609039 -.00000338  00000-0  00000+0 0  9996
2 42951   0.0367  33.9070 0003985  40.6854 323.3107  1.00271794 28463

42967
1 42967U 17063A   25184.90214796 -.00000077  00000-0  00000-0 0  9998
2 42967   0.0174  38.0136 0002768  57.6555  46.3077  1.00271981 28230

42984
1 42984U 17067A   25184.85947384 -.00000346  00000-0  00000-0 0  9990
2 42984   0.0235 304.6008 0001037 145.5788 254.4874  1.00270273 28038

43039
1 43039U 17078A   25185.13216089 -.00000173  00000-0  00000+0 0  9994
2 43039   0.0453 197.4781 0001924 268.8628 198.8396  1.00272884 27786

43162
1 43162U 18009A   25184.81994427  .00000140  00000-0  00000+0 0  9992
2 43162   2.0899 353.9028 0001898 103.2921 320.6622  1.00272697 27341

43174
1 43174U 18012A   25185.17405906 -.00000143  00000-0  00000+0 0  9992
2 43174   0.6509  87.7200 0004084   1.9102 235.3435  1.00273276 27354

43175
1 43175U 18012B   25185.05253216 -.00000266  00000-0  00000+0 0  9991
2 43175   0.0123  16.9211 0001240  91.2304 145.5626  1.00270456 27546

43178
1 43178U 18013A   25093.34070332 0.00000000  00000-0  00000-0 0    00
2 43178   0.0102 336.0297 0004000 259.2121 100.7879  1.00270000    06

43226
1 43226U 18022A   25185.15875225 -.00000167  00000-0  00000+0 0  9990
2 43226   0.0528 113.7825 0000890  87.2971  45.0022  1.00421581 26948

43228
1 43228U 18023A   25184.98834976 -.00000204  00000-0  00000+0 0  9993
2 43228   0.0415  43.2047 0005624  43.3145 161.5273  1.00270238 27005

43271
1 43271U 18033A   25184.52058803 -.00000082  00000-0  00000-0 0  9994
2 43271   0.0153 308.2515 0001167 162.3698 160.5525  1.00270839 26565

43272
1 43272U 18033B   25185.04697722 -.00000221  00000-0  00000+0 0  9996
2 43272   0.0625 268.0102 0001059 215.8642 141.7715  1.00270945 26579

43339
1 43339U 18036A   25182.53918078 -.00000314  00000-0  00000+0 0  9997
2 43339   0.0327 157.7906 0001088  14.3107  75.9159  1.00272601  3888

43432
1 43432U 18037A   25184.85391877 -.00000333  00000-0  00000-0 0  9993
2 43432   0.0302  90.2586 0000427 127.3739 139.9413  1.00272918 26477

43450
1 43450U 18041A   25185.02086881 -.00000305  00000-0  00000+0 0  9992
2 43450   0.0240 331.0669 0000643 315.1694 137.5712  1.00271718 26353

43463
1 43463U 18044A   25184.85947384 -.00000350  00000-0  00000+0 0  9993
2 43463   0.0303 108.4962 0002213   6.9806 235.1375  1.00274125 26247

43488
1 43488U 18049A   25184.44206398 -.00000259  00000-0  00000-0 0  9992
2 43488   0.0136  27.3126 0000495 248.8603 259.6725  1.00272337 25928

43491
1 43491U 18050A   25185.08135233 -.00000116  00000-0  00000+0 0  9999
2 43491   2.1335  83.2593 0001623 112.2225 195.1122  1.00276404 26029

43562
1 43562U 18059A   25185.23480968 -.00000267  00000-0  00000+0 0  9999
2 43562   0.0315 160.9681 0002985 317.4241 185.6194  1.00272148 25677

43587
1 43587U 18064A   25185.01574287 -.00000331  00000-0  00000+0 0  9998
2 43587   0.0090 340.1778 0001318 143.9198 271.8254  1.00273773 25372

43611
1 43611U 18069A   25185.16448041 -.00000281  00000-0  00000+0 0  9999
2 43611   0.0160 303.1602 0002303 159.3032  17.1604  1.00270250 25126

43632
1 43632U 18074A   25185.50299116  .00000150  00000-0  00000+0 0  9997
2 43632   0.0239  20.6534 0001623  81.4938  46.7936  1.00270439 24950

43633
1 43633U 18074B   25185.09924969 -.00000017  00000-0  00000+0 0  9996
2 43633   0.0601 193.7079 0001006 100.7166 192.6585  1.00272296 24834

43683
1 43683U 18085A   25185.50007226 -.00000266  00000-0  00000+0 0  9993
2 43683   2.7103 107.8339 0004436 355.6766 139.2459  1.00268206 24560

43698
1 43698U 18089A   25185.50490252  .00000099  00000-0  00000+0 0  9991
2 43698   0.0602 267.3903 0003154 172.1057  80.0875  1.00268948 24334

43700
1 43700U 18090A   25185.49899465  .00000158  00000-0  00000+0 0  9990
2 43700   0.0125  61.9787 0002397  74.2273 351.9554  1.00272754 24431

43823
1 43823U 18100A   25185.30528119 -.00000330  00000-0  00000+0 0  9996
2 43823   0.0354 159.9961 0002359 293.6187  67.0737  1.00269348 24176

43824
1 43824U 18100B   25185.65149698 -.00000063  00000-0  00000+0 0  9999
2 43824   0.0607 267.8558 0008350 183.6735 139.9065  1.00271594 24149

43864
1 43864U 18105A   25185.50646637  .00000040  00000-0  00000+0 0  9991
2 43864   0.0591 105.9590 0002214 344.0631  77.8486  1.00273159 23958

43867
1 43867U 18107A   25185.15092706 -.00000025  00000-0  00000+0 0  9993
2 43867   0.0399 109.6288 0000438  11.2716 285.8387  1.00271681 23932

43874
1 43874U 18110A   25184.93465221  .00000068  00000-0  00000-0 0  9993
2 43874   1.6454  84.7940 0002284 356.8512 235.9840  1.00270915 23928

43920
1 43920U 19001A   25184.85391877 -.00000325  00000-0  00000-0 0  9998
2 43920   0.0429 127.7418 0001818  67.4094 164.3914  1.00270627 50584

44034
1 44034U 19007A   25185.07344620  .00000165  00000-0  00000+0 0  9990
2 44034   0.0687 129.8610 0005952  11.0323 206.8744  1.00271687 23868

44035
1 44035U 19007B   25184.93239332  .00000137  00000-0  00000-0 0  9998
2 44035   0.0878 263.6664 0000554  16.5183  25.5544  1.00270340 23470

44048
1 44048U 19009A   25184.65321248 -.00000223  00000-0  00000-0 0  9998
2 44048   0.0351 127.5256 0004700 353.3880 182.1597  1.00271125 23276

44067
1 44067U 19012A   25185.63241764 -.00000321  00000-0  00000+0 0  9994
2 44067   0.0501 278.9767 0009371 131.9492 229.9921  1.00276128 23246

44071
1 44071U 19014A   25184.57840397  .00000058  00000-0  00000-0 0  9997
2 44071   0.0200  31.9372 0001085 183.1094 335.3110  1.00271192 23122

44076
1 44076U 19017A   25185.65201826 -.00000093  00000-0  00000+0 0  9992
2 44076   0.2590  92.4306 0001392  14.9373 127.3139  1.00271890 23127

44186
1 44186U 19021A   25184.92900499  .00000166  00000-0  00000-0 0  9991
2 44186   0.0498 335.4780 0001836 107.0616 204.5228  1.00278091 22662

44231
1 44231U 19027A   25184.88024468 -.00000237  00000-0  00000+0 0  9995
2 44231   1.7328  75.1949 0003680 254.8832  53.4159  1.00269616 22586

44307
1 44307U 19031A   25184.93265397  .00000132  00000-0  00000-0 0  9992
2 44307   0.0174  48.4489 0003061  54.6205 203.8815  1.00272301 22424

44333
1 44333U 19034A   25184.97435655 -.00000103  00000-0  00000+0 0  9992
2 44333   0.0291  80.7981 0000525 273.5457 177.7911  1.00275154 22135

44334
1 44334U 19034B   25185.11711353  .00000061  00000-0  00000+0 0  9994
2 44334   0.0700 190.1341 0003418 261.0374 240.3577  1.00272971 22646

44457
1 44457U 19048A   25185.17961373  .00000094  00000-0  00000+0 0  9996
2 44457   0.0332  97.6914 0000645  52.3000 209.1113  1.00273152 21736

44475
1 44475U 19049A   25185.50323833 -.00000247  00000-0  00000+0 0  9998
2 44475   0.0432 109.5512 0001146 357.0520 139.8641  1.00272745 21702

44476
1 44476U 19049B   25185.50629260  .00000048  00000-0  00000+0 0  9990
2 44476   0.0227  18.2007 0001081 322.0328 186.7292  1.00269822 21633

44479
1 44479U 19050A   25184.85488691  .00000121  00000-0  00000-0 0  9996
2 44479   0.0191 357.9553 0002205 112.0211 136.8767  1.00273347 21698

44624
1 44624U 19067A   25185.28239024 -.00000029  00000-0  00000+0 0  9995
2 44624   0.0789 322.9727 0003298 139.2292 276.9982  1.00271224 20945

44625
1 44625U 19067B   25184.88250358 -.00000135  00000-0  00000-0 0  9993
2 44625   0.6727  84.3444 0001011 286.8663  24.7608  1.00269086 58028

44637
1 44637U 19070A   25185.15362035 -.00000157  00000-0  00000+0 0  9990
2 44637   0.0315 124.0059 0003569 283.4138  13.7994  1.00274049 21034

44800
1 44800U 19080A   25184.92996067  .00000168  00000-0  00000-0 0  9997
2 44800   0.0536  19.3654 0002146  93.0276 180.0557  1.00272586 20560

44801
1 44801U 19080B   25185.17961373  .00000088  00000-0  00000+0 0  9998
2 44801   0.0356  12.2008 0001895  85.5060 260.3975  1.00270271 20603

44868
1 44868U 19091A   25184.73725486 -.00000188  00000-0  00000+0 0  9999
2 44868   0.0446 205.4303 0000416 315.9073 176.0678  1.00275358 20594

44903
1 44903U 19095A   25185.15214339 -.00000083  00000-0  00000+0 0  9994
2 44903   0.0954 138.8085 0000725   1.6674 272.7305  1.00270069 20194

44910
1 44910U 19097A   25184.91363562 -.00000198  00000-0  00000-0 0  9998
2 44910   4.0259  79.3669 0009448 320.9377 298.3587  1.00271007 20200

44978
1 44978U 20002A   25185.01565598 -.00000330  00000-0  00000+0 0  9992
2 44978   0.0779 256.3846 0002053 236.3896 262.5780  1.00275055 20207

45026
1 45026U 20005A   25185.08213425 -.00000151  00000-0  00000+0 0  9997
2 45026   0.0152  34.0879 0003990  55.7289 305.0908  1.00269153 20043

45027
1 45027U 20005B   25185.37614017  .00000063  00000-0  00000+0 0  9993
2 45027   0.0612  90.3929 0001679 126.2726 208.5953  1.00271469 20835

45245
1 45245U 20013A   25184.87850707 -.00000306  00000-0  00000-0 0  9998
2 45245   5.4339 353.4434 0003726 117.3977 263.5712  1.00272299 19744

45246
1 45246U 20013B   25184.85391877 -.00000332  00000-0  00000-0 0  9994
2 45246   0.0459 230.0305 0000447  15.4551 112.2675  1.00268776 19786

45344
1 45344U 20017A   25185.50985470 -.00000129  00000-0  00000+0 0  9991
2 45344   2.9022  40.8306 0001932  50.4824  95.0159  1.00271871 19787

45807
1 45807U 20040A   25184.87346801 -.00000343  00000-0  00000-0 0  9998
2 45807   1.6003  64.4579 0004890 346.3367 296.2934  1.00275648 18573

45863
1 45863U 20045A   25185.52052729 -.00000304  00000-0  00000+0 0  9997
2 45863   0.0507  88.0044 0002763  18.2210 137.9398  1.00268134 18369

45920
1 45920U 20048A   25185.50322682 -.00000348  00000-0  00000+0 0  9998
2 45920   0.0171 309.5300 0001136 178.5353  92.0177  1.00269146 18143

45985
1 45985U 20053A   25184.87071839 -.00000268  00000-0  00000+0 0  9990
2 45985   0.0165 333.8514 0000390  17.3437 340.8941  1.00272575 18152

45986
1 45986U 20053B   25184.99380594 -.00000123  00000-0  00000+0 0  9995
2 45986   0.0180 350.4794 0001609 214.5058 155.0069  1.00270561 18159

46112
1 46112U 20056A   25185.01609039 -.00000337  00000-0  00000+0 0  9999
2 46112   0.0456 166.0250 0004426 316.0929 275.7837  1.00272262 17916

46113
1 46113U 20056B   25184.85132481  .00000001  00000-0  00000-0 0  9991
2 46113   0.0225 287.1655 0000850 214.4457  85.9972  1.00268897 18684

46114
1 46114U 20056C   25185.55322598  .00000051  00000-0  00000+0 0  9994
2 46114   0.0249  26.3361 0002237  76.3193 254.3205  1.00273020 17911

46916
1 46916U 20082A   25184.87633506 -.00000342  00000-0  00000-0 0  9996
2 46916   1.4490 299.9844 0000747 142.6809 279.8739  1.00275413 17162

47202
1 47202U 20089A   25185.39975387 -.00000221  00000-0  00000+0 0  9991
2 47202   0.0385  90.0529 0002588 353.7134  73.5578  1.00270005 16914

47240
1 47240U 20096A   25185.27135906 -.00000191  00000-0  00000+0 0  9999
2 47240   0.0257 103.5947 0004231  21.0882 170.3339  1.00270139 16841

47256
1 47256U 20099A   25185.51046287 -.00000151  00000-0  00000+0 0  9995
2 47256   0.0305  97.0823 0004037 175.4116 277.0337  1.00272717 16702

47306
1 47306U 21001A   25184.66310241  .00000166  00000-0  00000-0 0  9990
2 47306   0.0373  84.9940 0000280 313.0422 153.5371  1.00272660 16471

47321
1 47321U 21003A   25185.51020222 -.00000139  00000-0  00000+0 0  9991
2 47321   2.1784 322.0401 0001415 165.3231  60.5666  1.00270476 16480

47613
1 47613U 21010A   25185.17246087  .00000058  00000-0  00000+0 0  9993
2 47613   0.3043 264.8239 0002651 181.9058  76.3291  1.00278363 16301

48618
1 48618U 21042A   25185.14119645  .00000131  00000-0  00000+0 0  9992
2 48618   5.5735 326.9240 0001785 131.1053 256.1029  1.00272420 15240

48808
1 48808U 21047A   25185.51470632 -.00000314  00000-0  00000+0 0  9999
2 48808   0.0424  61.1756 0002399 270.6079 240.7301  1.00263203 15077

48838
1 48838U 21049A   25184.90605758 -.00000193  00000-0  00000-0 0  9991
2 48838   0.0148  29.2164 0004683  12.3931 121.5643  1.00271440 15108

49011
1 49011U 21063A   25185.16850397  .00000121  00000-0  00000+0 0  9990
2 49011   0.6960  82.3403 0001320  60.8288 216.6746  1.00272505 14588

49055
1 49055U 21069A   25184.27938205 -.00000254  00000-0  00000-0 0  9999
2 49055   0.0157  22.8071 0002198 101.9980 187.2282  1.00270851 14432

49056
1 49056U 21069B   25184.93239332  .00000138  00000-0  00000-0 0  9998
2 49056   0.0123  31.2513 0001688  80.1456 194.1326  1.00272873 14432

49062
1 49062U 21071A   25185.44205333 -.00000277  00000-0  00000+0 0  9993
2 49062   0.0472 205.9232 0002714 305.5518  28.3767  1.00269350 14543

49115
1 49115U 21077A   25184.90319053 -.00000112  00000-0  00000-0 0  9992
2 49115   0.4628  88.3894 0001562  51.2768   8.2015  1.00272389  6076

49125
1 49125U 21080A   25185.08578323 -.00000300  00000-0  00000+0 0  9992
2 49125   0.0176  53.8488 0002393  68.3925 292.3642  1.00274457 14141

49332
1 49332U 21095A   25185.15703535 -.00000259  00000-0  00000+0 0  9994
2 49332   0.0132  36.6926 0001117  61.0195 174.1325  1.00269952 14342

49333
1 49333U 21095B   25184.93195892  .00000148  00000-0  00000-0 0  9998
2 49333   0.0163  14.3379 0001525  84.7414 204.1165  1.00264520 14466

49505
1 49505U 21114A   25185.02008689 -.00000324  00000-0  00000+0 0  9995
2 49505   0.0667 245.8446 0001671 348.2464 185.5374  1.00268959 13336

49817
1 49817U 21118A   25185.51295019 -.00000031  00000-0  00000+0 0  9999
2 49817   0.0288 278.1976 0000671  45.6408  31.8266  1.00271246 13081

50001
1 50001U 21123A   25185.52753144 -.00000228  00000-0  00000+0 0  9999
2 50001   0.0154 301.1927 0000316  96.3705 220.1177  1.00272413 13049

50002
1 50002U 21123B   25184.93032515 -.00000308  00000-0  00000+0 0  9995
2 50002   0.0214 335.0825 0000900 308.3852  76.5222  1.00271079 13016

50005
1 50005U 21124A   25184.57733720 -.00000003  00000-0  00000-0 0  9998
2 50005   0.1067 256.5432 0000863 316.4484  87.6453  1.00272883 13121

50212
1 50212U 21126A   25184.93126388  .00000158  00000-0  00000-0 0  9996
2 50212   0.0697 336.7779 0002685  24.1456 298.5384  1.00271722 12801

50319
1 50319U 21128A   25185.43927316 -.00000158  00000-0  00000+0 0  9992
2 50319   0.0236  33.4083 0000283  89.0701  42.1205  1.00270184 12752

50321
1 50321U 21129A   25184.93239332  .00000116  00000-0  00000-0 0  9998
2 50321   2.7757  84.9002 0001163 266.5109 313.9808  1.00446391 13008

50322
1 50322U 21129B   25184.88877826 -.00000023  00000-0  00000-0 0  9997
2 50322   2.7740  84.8955 0003820 326.7965 356.3917  1.00388124 13009

50574
1 50574U 21135A   25185.16421976 -.00000286  00000-0  00000+0 0  9996
2 50574   0.0387 232.8961 0006052 146.4513  99.4062  1.00272022 12974

51281
1 51281U 22006B   25163.69630973  .00000173  00000-0  00000+0 0  9997
2 51281   0.0168 304.8954 0000282 212.4123  24.9205  1.00387611 12422

51850
1 51850U 22021A   25185.56433652  .00000111  00000-0  00000+0 0  9993
2 51850   0.0379 175.9760 0000350 332.9354 200.0539  1.00272860 12325

52255
1 52255U 22038A   25184.85391877 -.00000342  00000-0  00000-0 0  9992
2 52255   0.0095  21.5440 0000637 158.3120 174.6436  1.00270247 11924

52817
1 52817U 22061A   25184.92140914 -.00000045  00000-0  00000-0 0  9994
2 52817   0.0451  14.9266 0004602  42.8939 189.0574  1.00272183 11246

52903
1 52903U 22067A   25185.15344660 -.00000152  00000-0  00000+0 0  9994
2 52903   0.0354 268.5961 0000929  42.6336 109.4793  1.00271449 11119

52904
1 52904U 22067B   25184.92075505 -.00000229  00000-0  00000+0 0  9993
2 52904   0.0290 336.1981 0000561  77.7360 291.2225  1.00271377 11155

52933
1 52933U 22071A   25184.60983946  .00000116  00000-0  00000+0 0  9996
2 52933   0.0145  56.2719 0001077  37.6716 268.4547  1.00272888 11070

52940
1 52940U 22073A   25184.87520561 -.00000352  00000-0  00000+0 0  9998
2 52940   2.8142  83.1085 0001437 329.8111 303.5574  1.00274811 10871

53100
1 53100U 22078A   25184.18892629  .00000082  00000-0  00000+0 0  9992
2 53100   0.2555 290.9433 0000918 154.7293 274.3306  1.00272571 11054

53355
1 53355U 22092A   25185.16465417 -.00000277  00000-0  00000+0 0  9997
2 53355   3.8845 313.1118 0001827 144.0229  23.5612  1.00272153 10730

53765
1 53765U 22110A   25184.92344597  .00000029  00000-0  00000-0 0  9996
2 53765   0.0546  95.3424 0002598   8.3037 153.7233  1.00270236  3339

53813
1 53813U 22112A   25185.65288707 -.00000135  00000-0  00000+0 0  9991
2 53813   0.0430 210.1849 0000192  61.8714 327.2962  1.00273083 10357

53960
1 53960U 22123A   25184.61696366 -.00000089  00000-0  00000-0 0  9994
2 53960   0.0036 117.9632 0002267 326.1813 316.7419  1.00269794 10037

53961
1 53961U 22123B   25185.46797834  .00000083  00000-0  00000+0 0  9993
2 53961   0.0415  30.8901 0000890  74.8428 214.5391  1.00267896 10068

54026
1 54026U 22128A   25184.46826013  .00000090  00000-0  00000-0 0  9991
2 54026   0.0129  55.2538 0001760  46.0955 215.9533  1.00270640 10247

54027
1 54027U 22128B   25184.46904205  .00000070  00000-0  00000-0 0  9990
2 54027   0.0140  32.0941 0001600  69.9281 219.5604  1.00270286 10415

54033
1 54033U 22131A   25185.49847338  .00000150  00000-0  00000+0 0  9996
2 54033   0.0339 150.7280 0000803  85.1310 249.3335  1.00273194  9997

54048
1 54048U 22134A   25184.85410499  .00000099  00000-0  00000-0 0  9991
2 54048   0.0636 290.3110 0002013  72.2971 239.9808  1.00271059  9887

54225
1 54225U 22146A   25185.16850397  .00000100  00000-0  00000+0 0  9993
2 54225   0.0553 237.7804 0002026 300.8066 177.4783  1.00270780  9727

54230
1 54230U 22148A   25185.18656057 -.00000067  00000-0  00000+0 0  9993
2 54230   0.0130 299.3503 0007004 288.0887 285.5212  1.00271149  9877

54243
1 54243U 22153A   25184.97036006  .00000025  00000-0  00000+0 0  9998
2 54243   0.0221 101.8458 0000484  26.2338  22.4832  1.00273133  9664

54244
1 54244U 22153B   25185.11888402 -.00000161  00000-0  00000+0 0  9993
2 54244   0.0104  38.0267 0001950  10.4133 185.7267  1.00272431  9677

54259
1 54259U 22157A   25184.85349683  .00000081  00000-0  00000-0 0  9997
2 54259   0.0547  92.7599 0002384  31.1231 115.4931  1.00272213  9520

54741
1 54741U 22170A   25184.90449374 -.00000150  00000-0  00000-0 0  9990
2 54741   0.0136  86.5038 0002112   8.3488  59.8251  1.00272881  9402

54742
1 54742U 22170B   25184.90527566 -.00000172  00000-0  00000-0 0  9995
2 54742   0.0139  29.6324 0002939  70.8694  58.5621  1.00270017  9284

54743
1 54743U 22170C   25184.85149858  .00000004  00000-0  00000-0 0  9997
2 54743   0.6411  29.0144 0001643  76.2048 123.0948  1.00269929  9484

55239
1 55239U 23005A   25185.16369847 -.00000304  00000-0  00000+0 0  9996
2 55239   0.0528 244.8758 0002536 300.1409 290.3476  1.00271443 24843

55263
1 55263U 23008A   25182.34558934  .00000141  00000-0  00000+0 0  9998
2 55263   0.0087  75.1474 0000129 358.3083 354.5159  1.00270679  3881

55506
1 55506U 23016A   25183.75869757 -.00000049  00000-0  00000-0 0  9990
2 55506   0.0985 233.6975 0001278 300.8476 185.4474  1.00273023  8836

55508
1 55508U 23017A   25185.22568264 -.00000269  00000-0  00000+0 0  9999
2 55508   0.0360  40.6098 0004898  39.0608 223.0517  1.00270654  8762

55686
1 55686U 23023A   25184.85391877 -.00000342  00000-0  00000-0 0  9998
2 55686   0.0874  78.4194 0003924  16.0172 260.2058  1.00270615  8732

55841
1 55841U 23031A   25184.93526038  .00000045  00000-0  00000-0 0  9997
2 55841   0.0175  85.9380 0001391 221.2984  13.6366  1.00271932  8449

55912
1 55912U 23036A   25184.69217852 -.00000207  00000-0  00000-0 0  9996
2 55912   1.2858 322.9217 0003048  15.7458 340.6875  1.00268496  8590

55970
1 55970U 23038A   25185.47353869 -.00000087  00000-0  00000+0 0  9993
2 55970   0.0449 268.3445 0000366 259.3936 182.3558  1.00272205  8626

55971
1 55971U 23038B   25185.53100515  .00000102  00000-0  00000+0 0  9996
2 55971   0.0117 333.2497 0001840 127.2393 238.5314  1.00271574  8594

56174
1 56174U 23052A   25184.87428288 -.00000162  00000-0  00000-0 0  9992
2 56174   0.0152  73.8670 0001981  53.9725  18.0213  1.00272789  8339

56370
1 56370U 23060A   25183.69835388 -.00000177  00000-0  00000-0 0  9997
2 56370   0.0225 339.7570 0000235 114.6205 349.0265  1.00269974  7942

56371
1 56371U 23060B   25185.12107212 -.00000214  00000-0  00000+0 0  9997
2 56371   1.8787  84.3634 0002046  80.7052  80.0614  1.00271182  7959

56372
1 56372U 23060C   25184.93491286  .00000055  00000-0  00000-0 0  9996
2 56372   1.8267  83.9980 0003276 277.9794 317.2732  1.00276827  4045

56564
1 56564U 23066A   25185.19211544 -.00000097  00000-0  00000+0 0  9997
2 56564   1.1834 293.1317 0006745 188.6498  29.8417  1.00271395  7913

56757
1 56757U 23075A   25185.49916841  .00000158  00000-0  00000+0 0  9993
2 56757   0.0722  27.9588 0004006   3.7369  96.7547  1.00271155  7636

56759
1 56759U 23076A   25184.87729075 -.00000321  00000-0  00000+0 0  9991
2 56759   3.0227 256.6265 0003202   2.2708 108.6336  1.00271746  7716

57045
1 57045U 23086A   25184.65321183 -.00000223  00000-0  00000-0 0  9997
2 57045   0.0337 333.3948 0002653   7.4388 322.2339  1.00271024  6260

57213
1 57213U 23093A   25185.14962385  .00000037  00000-0  00000+0 0  9993
2 57213   0.0126 126.9133 0000497 119.3813 153.0624  1.00272664  7387

57214
1 57214U 23093B   25185.12822338 -.00000042  00000-0  00000+0 0  9992
2 57214   0.0187  43.1163 0000072 113.5553 165.2872  1.00270653  8123

57479
1 57479U 23108A   25184.48190807 -.00000139  00000-0  00000+0 0  9996
2 57479   0.0237  32.5518 0001498  78.3596 249.1046  1.00269037  7157

57493
1 57493U 23112A   25185.04050377  .00000061  00000-0  00000+0 0  9990
2 57493   0.0102 359.9999 0002023 100.6204  69.2550  1.00271435  7025

57624
1 57624U 23120A   25185.01218078 -.00000156  00000-0  00000+0 0  9992
2 57624  15.3695 202.5306 0000580 259.2393 274.5531  1.00271146  7049

57836
1 57836U 23140A   25165.20101659 0.00000000  00000-0  00000-0 0    05
2 57836  12.3140   7.1362 0000620 127.0857 232.9143  1.00270817    09

58204
1 58204U 23169A   25184.89286853  .00000013  00000-0  00000-0 0  9993
2 58204   1.6444  84.7955 0001076 132.4637 199.3092  1.00270546  6046

58253
1 58253U 23172A   25184.87442369 -.00000350  00000-0  00000-0 0  9990
2 58253   0.0220 277.3542 0002641  46.8005  28.2979  1.00272348  6162

58698
1 58698U 24003A   25185.50585821  .00000065  00000-0  00000+0 0  9990
2 58698   0.0133  10.4322 0000309  65.5415  88.5689  1.00272376  5743

58990
1 58990U 24033A   25185.51028911 -.00000142  00000-0  00000+0 0  9998
2 58990   0.0800  93.8930 0001413   4.3223  90.3194  1.00272385  5331

58995
1 58995U 24035A   25184.85947384 -.00000346  00000-0  00000-0 0  9992
2 58995   0.0091 329.4000 0001187 116.5127 258.5470  1.00269913  5092

59020
1 59020U 24037A   25184.93328516 -.00000355  00000-0  00000-0 0  9993
2 59020   4.6979 323.4620 0003347 173.6747 241.3065  1.00273173  5094

59069
1 59069U 24040A   25184.36572723  .00000166  00000-0  00000-0 0  9997
2 59069   0.0270 327.1315 0002039  56.3245  63.4681  1.00271359  3831

59346
1 59346U 24059A   25184.93004756  .00000168  00000-0  00000-0 0  9996
2 59346   0.0118 316.5252 0000485 197.5317 138.7954  1.00272614  4647

59915
1 59915U 24104A   25185.11142227  .00000167  00000-0  00000+0 0  9994
2 59915   0.0366 244.5268 0002211 205.1888 270.9173  1.00269741  4097

60086
1 60086U 24115A   25185.13378383  .00000133  00000-0  00000+0 0  9996
2 60086   0.0723 321.5225 0001998  76.4105 311.8163  1.00271009  3831

60133
1 60133U 24119A   25185.17295584 -.00000235  00000-0  00000+0 0  9992
2 60133   0.0386 166.3308 0000172  23.0766  80.0800  1.00271702  3811

60179
1 60179U 24122A   25185.39975387 -.00000300  00000-0  00000+0 0  9999
2 60179   0.0187 198.8493 0002166  14.7485 314.5324  1.00270581  3837

60233
1 60233U 24127A   25185.07405437  .00000159  00000-0  00000+0 0  9995
2 60233   0.0559 211.3309 0002291 304.7037 194.9585  1.00272304  3612

60327
1 60327U 24135A   25185.19211544 -.00000159  00000-0  00000+0 0  9996
2 60327   0.0353 100.0261 0000965 318.9277  85.8681  1.00273147  3530

60606
1 60606U 24151A   25184.87494498 -.00000348  00000-0  00000-0 0  9990
2 60606   2.2137 274.6788 0001564 185.7585 254.8746  1.00269068  3261

61503
1 61503U 24181A   25185.06364226 -.00000228  00000-0  00000+0 0  9993
2 61503   0.0296 130.7961 0001152 265.9698 191.2879  1.00270011  2804

61733
1 61733U 24198A   25184.95133325 -.00000237  00000-0  00000+0 0  9997
2 61733   0.0008 355.3093 0001402 101.3039 312.1281  1.00273313  2462

61910
1 61910U 24206A   25185.01730671 -.00000349  00000-0  00000+0 0  9993
2 61910   0.0264 107.5583 0001111 353.2799 303.6555  1.00270149  2476

62006
1 62006U 24212A   25184.81071608 -.00000315  00000-0  00000-0 0  9996
2 62006   0.0234  17.9466 0000978  91.1784 208.9077  1.00266240  2266

62028
1 62028U 24214A   25185.50750894 -.00000006  00000-0  00000+0 0  9996
2 62028   0.0319 235.7662 0002872 173.9541 123.7395  1.00274414  2402

62259
1 62259U 24234A   25185.05291841 -.00000192  00000-0  00000+0 0  9992
2 62259   0.0152 338.5105 0005556 350.5353 247.1550  1.00271193  2442

62374
1 62374U 24246A   25184.95202830 -.00000217  00000-0  00000+0 0  9999
2 62374   1.5057 285.5761 0002500 131.7817 354.1102  1.00271836  2085

62483
1 62483U 25001A   25183.88148068  .00000148  00000-0  00000-0 0  9996
2 62483   0.0166  42.6058 0000316 118.7544 121.4207  1.00273053   674

62804
1 62804U 25017A   25185.14076205  .00000130  00000-0  00000+0 0  9994
2 62804   1.6254 285.3064 0001456 262.0649 164.0627  1.00274777  1779

62876
1 62876U 25023A   25184.92173913 -.00000221  00000-0  00000-0 0  9992
2 62876   0.0465  27.7330 0001865  72.0256 244.7450  1.00272566  1466

63075
1 63075U 25036A   25184.87346801 -.00000340  00000-0  00000-0 0  9992
2 63075   0.0660 254.6036 0004471 243.2817 209.2315  1.00272111  1439

63157
1 63157U 25045A   25184.94082073 -.00000220  00000-0  00000-0 0  9996
2 63157   0.2943  91.7251 0003369  84.4736 174.9528  1.00275593  1267

63397
1 63397U 25064A   25184.88391831 -.00000167  00000-0  00000-0 0  9991
2 63397   0.2027  74.4065 0002494  71.6640 246.7975  1.00271281   899

63524
1 63524U 25073A   25184.88640789 -.00000164  00000-0  00000-0 0  9999
2 63524   0.1652  79.3902 0002227  81.6041 233.1075  1.00271946   796

63662
1 63662U 25084A   25185.49803897  .00000142  00000-0  00000+0 0  9997
2 63662   5.3312 283.6901 0001539 188.3415  10.3309  1.00272672   874

63924
1 63924U 25097A   25184.93731988 -.00000262  00000-0  00000-0 0  9996
2 63924   3.9116 313.0969 0001900 186.8204 260.9475  1.00272302   657

64062
1 64062U 25106A   25185.47632748 -.00000031  00000-0  00000+0 0  9998
2 64062   0.0370 100.0440 0002287 135.6051  25.8763  1.00272113   580

64290
1 64290U 25122A   25185.04180698  .00000022  00000-0  00000+0 0  9993
2 64290   0.0642 287.0642 0001927 189.2477  60.5681  1.00272982   457

64470
1 64470U 25132A   25184.92075493 -.00000235  00000-0  00000-0 0  9994
2 64470   0.0845 261.2755 0001319  33.1819  51.3895  1.00270907   655

